1,-1,187.97,285.07,98.61,215.37,0.9090,-1,-1,-1
1,-1,833.81,299.50,84.68,175.29,0.9039,-1,-1,-1
1,-1,0.05,246.64,96.83,251.48,0.8862,-1,-1,-1
1,-1,777.36,302.28,67.34,149.92,0.8798,-1,-1,-1
1,-1,645.02,264.58,125.80,149.72,0.8554,-1,-1,-1
1,-1,55.01,247.55,124.10,218.43,0.8283,-1,-1,-1
1,-1,724.07,330.28,62.28,87.54,0.8139,-1,-1,-1
1,-1,439.80,399.90,92.37,131.53,0.7728,-1,-1,-1
1,-1,1136.65,493.19,140.02,225.81,0.5829,-1,-1,-1
1,-1,0.00,205.05,70.89,89.04,0.4441,-1,-1,-1
2,-1,192.74,289.74,99.35,209.65,0.9081,-1,-1,-1
2,-1,840.72,299.07,84.24,185.39,0.8957,-1,-1,-1
2,-1,780.34,303.72,70.91,146.41,0.8913,-1,-1,-1
2,-1,0.00,243.92,97.76,254.83,0.8823,-1,-1,-1
2,-1,729.87,330.88,61.51,85.45,0.8676,-1,-1,-1
2,-1,57.11,255.79,119.25,219.83,0.8327,-1,-1,-1
2,-1,653.15,275.67,113.19,143.38,0.8045,-1,-1,-1
2,-1,446.87,400.10,90.61,124.80,0.7363,-1,-1,-1
2,-1,1142.21,497.12,135.65,222.13,0.6985,-1,-1,-1
3,-1,843.68,299.26,86.07,186.15,0.9062,-1,-1,-1
3,-1,196.76,288.39,101.61,210.88,0.9013,-1,-1,-1
3,-1,785.49,303.27,69.88,150.44,0.8892,-1,-1,-1
3,-1,0.00,244.60,100.31,253.09,0.8868,-1,-1,-1
3,-1,657.71,284.66,88.40,130.99,0.8647,-1,-1,-1
3,-1,62.15,247.98,130.61,227.86,0.8557,-1,-1,-1
3,-1,732.48,330.30,62.68,86.15,0.8408,-1,-1,-1
3,-1,1146.20,498.80,132.30,221.20,0.7161,-1,-1,-1
3,-1,445.58,400.63,91.38,108.93,0.7120,-1,-1,-1
3,-1,0.00,201.17,90.26,103.28,0.5188,-1,-1,-1
4,-1,0.00,245.77,103.49,249.88,0.8973,-1,-1,-1
4,-1,201.04,282.41,100.19,213.11,0.8906,-1,-1,-1
4,-1,849.26,297.57,84.47,180.62,0.8750,-1,-1,-1
4,-1,663.28,280.22,91.30,132.72,0.8728,-1,-1,-1
4,-1,735.17,328.08,67.25,88.73,0.8719,-1,-1,-1
4,-1,789.22,304.53,70.58,142.68,0.8666,-1,-1,-1
4,-1,67.86,246.31,125.42,226.77,0.8437,-1,-1,-1
4,-1,1157.80,496.47,121.60,223.42,0.8276,-1,-1,-1
4,-1,442.01,399.07,93.92,100.52,0.7632,-1,-1,-1
4,-1,0.00,199.30,91.90,106.23,0.4056,-1,-1,-1
5,-1,667.96,269.97,89.47,144.21,0.9116,-1,-1,-1
5,-1,853.75,297.43,86.30,180.57,0.9099,-1,-1,-1
5,-1,0.00,243.15,107.41,252.78,0.9086,-1,-1,-1
5,-1,738.41,332.98,63.19,83.98,0.8940,-1,-1,-1
5,-1,204.37,283.59,99.55,210.71,0.8784,-1,-1,-1
5,-1,793.62,305.69,71.54,147.92,0.8593,-1,-1,-1
5,-1,74.59,246.81,122.80,226.60,0.8298,-1,-1,-1
5,-1,0.12,198.07,100.14,98.58,0.8029,-1,-1,-1
5,-1,1160.36,488.75,119.30,229.76,0.7795,-1,-1,-1
5,-1,448.59,398.48,90.59,106.03,0.7713,-1,-1,-1
6,-1,0.10,233.66,113.22,260.67,0.9155,-1,-1,-1
6,-1,859.31,299.63,87.92,179.47,0.9083,-1,-1,-1
6,-1,209.22,284.84,100.14,211.90,0.8889,-1,-1,-1
6,-1,668.41,264.66,99.75,146.12,0.8841,-1,-1,-1
6,-1,0.49,196.21,104.25,101.03,0.8285,-1,-1,-1
6,-1,1168.83,481.75,110.99,234.32,0.8153,-1,-1,-1
6,-1,82.79,240.56,131.91,228.22,0.8092,-1,-1,-1
6,-1,796.92,294.08,73.07,154.84,0.7742,-1,-1,-1
6,-1,741.63,327.56,60.11,89.15,0.7477,-1,-1,-1
6,-1,456.03,394.76,88.18,128.92,0.7378,-1,-1,-1
6,-1,391.44,410.02,67.33,55.53,0.5149,-1,-1,-1
7,-1,677.87,258.32,97.25,154.52,0.9139,-1,-1,-1
7,-1,865.52,302.48,92.86,171.67,0.9095,-1,-1,-1
7,-1,218.45,279.11,98.25,219.24,0.9069,-1,-1,-1
7,-1,749.21,331.16,63.39,83.45,0.8896,-1,-1,-1
7,-1,3.09,240.12,126.49,251.20,0.8839,-1,-1,-1
7,-1,801.91,305.73,75.39,149.31,0.8511,-1,-1,-1
7,-1,0.00,203.04,111.50,103.72,0.8022,-1,-1,-1
7,-1,461.08,398.72,88.09,126.92,0.7581,-1,-1,-1
7,-1,1185.36,482.48,94.62,235.18,0.7333,-1,-1,-1
7,-1,92.22,251.41,114.02,222.07,0.7228,-1,-1,-1
7,-1,399.81,413.09,65.17,54.72,0.4970,-1,-1,-1
7,-1,546.00,431.65,45.03,71.61,0.4480,-1,-1,-1
8,-1,762.33,338.06,64.63,83.45,0.9118,-1,-1,-1
8,-1,691.48,259.11,104.51,159.74,0.9035,-1,-1,-1
8,-1,229.00,277.00,101.76,221.35,0.9013,-1,-1,-1
8,-1,878.86,304.95,92.40,177.95,0.8951,-1,-1,-1
8,-1,13.22,234.25,130.16,267.62,0.8901,-1,-1,-1
8,-1,815.61,321.73,75.37,135.16,0.8361,-1,-1,-1
8,-1,105.09,251.19,124.38,213.45,0.8126,-1,-1,-1
8,-1,475.54,398.83,85.73,129.39,0.7705,-1,-1,-1
8,-1,1206.91,478.06,72.89,241.94,0.6420,-1,-1,-1
8,-1,0.00,297.80,44.30,248.52,0.6284,-1,-1,-1
9,-1,701.26,245.37,119.67,168.16,0.9194,-1,-1,-1
9,-1,242.06,280.79,99.20,217.36,0.9007,-1,-1,-1
9,-1,891.98,298.31,93.15,174.58,0.8846,-1,-1,-1
9,-1,32.02,235.07,129.19,264.46,0.8626,-1,-1,-1
9,-1,488.39,398.62,82.31,139.71,0.8491,-1,-1,-1
9,-1,128.07,248.82,131.57,198.76,0.7735,-1,-1,-1
9,-1,827.78,301.51,75.84,143.89,0.7438,-1,-1,-1
9,-1,1219.64,457.44,59.99,262.56,0.7039,-1,-1,-1
9,-1,776.07,330.46,61.94,86.76,0.5828,-1,-1,-1
9,-1,0.44,302.88,60.28,258.51,0.4632,-1,-1,-1
9,-1,0.00,434.55,37.12,171.30,0.4483,-1,-1,-1
9,-1,8.84,206.79,138.31,92.49,0.4416,-1,-1,-1
9,-1,415.91,413.34,74.81,56.46,0.3249,-1,-1,-1
10,-1,267.25,279.68,95.21,221.34,0.9101,-1,-1,-1
10,-1,723.81,248.88,120.56,164.46,0.8975,-1,-1,-1
10,-1,912.58,300.71,98.07,164.66,0.8776,-1,-1,-1
10,-1,57.32,237.84,127.25,261.74,0.8565,-1,-1,-1
10,-1,509.72,397.83,79.91,143.62,0.8539,-1,-1,-1
10,-1,158.98,259.67,114.71,183.24,0.8480,-1,-1,-1
10,-1,849.03,304.73,74.64,134.78,0.8393,-1,-1,-1
10,-1,0.00,444.59,59.98,146.90,0.7973,-1,-1,-1
10,-1,582.60,436.09,49.08,64.14,0.5543,-1,-1,-1
10,-1,799.65,328.81,59.77,87.22,0.4350,-1,-1,-1
11,-1,301.26,277.66,95.49,214.89,0.9026,-1,-1,-1
11,-1,765.56,230.54,112.34,171.33,0.8936,-1,-1,-1
11,-1,943.99,272.03,102.55,183.37,0.8835,-1,-1,-1
11,-1,0.11,444.22,97.36,138.45,0.8780,-1,-1,-1
11,-1,97.90,232.50,126.16,263.21,0.8597,-1,-1,-1
11,-1,539.60,389.84,80.56,143.08,0.8488,-1,-1,-1
11,-1,883.18,293.44,78.56,136.18,0.8305,-1,-1,-1
11,-1,200.58,252.58,116.54,185.95,0.8164,-1,-1,-1
11,-1,610.79,422.23,52.12,70.26,0.3806,-1,-1,-1
12,-1,141.95,231.10,119.81,254.99,0.9031,-1,-1,-1
12,-1,987.49,267.66,97.91,188.36,0.8972,-1,-1,-1
12,-1,5.08,434.07,135.38,132.90,0.8971,-1,-1,-1
12,-1,344.24,273.56,89.78,206.66,0.8832,-1,-1,-1
12,-1,240.85,241.51,120.36,192.73,0.8642,-1,-1,-1
12,-1,644.17,415.35,45.17,71.53,0.8636,-1,-1,-1
12,-1,917.90,279.30,82.01,142.99,0.8299,-1,-1,-1
12,-1,575.91,380.89,71.57,142.53,0.7844,-1,-1,-1
12,-1,807.98,226.42,114.09,165.91,0.7807,-1,-1,-1
13,-1,180.95,228.43,115.37,254.20,0.9051,-1,-1,-1
13,-1,43.18,424.64,138.18,137.31,0.9039,-1,-1,-1
13,-1,1017.38,272.70,107.37,190.01,0.8903,-1,-1,-1
13,-1,947.64,277.14,85.06,147.50,0.8587,-1,-1,-1
13,-1,845.17,280.15,93.84,113.95,0.8391,-1,-1,-1
13,-1,371.61,271.42,95.20,210.04,0.8037,-1,-1,-1
13,-1,596.41,383.88,77.29,138.57,0.7889,-1,-1,-1
13,-1,669.56,417.23,47.63,71.26,0.6450,-1,-1,-1
13,-1,273.94,239.34,126.39,186.02,0.5712,-1,-1,-1
13,-1,0.00,459.45,29.97,129.68,0.3861,-1,-1,-1
14,-1,84.59,415.76,132.47,131.44,0.9184,-1,-1,-1
14,-1,410.06,271.31,89.53,188.24,0.9011,-1,-1,-1
14,-1,1057.59,262.63,101.58,185.60,0.8905,-1,-1,-1
14,-1,226.83,220.02,103.22,242.64,0.8612,-1,-1,-1
14,-1,0.00,442.34,66.55,152.81,0.8533,-1,-1,-1
14,-1,314.83,230.11,109.81,179.71,0.8497,-1,-1,-1
14,-1,982.54,265.70,86.04,152.11,0.7899,-1,-1,-1
14,-1,546.91,387.73,82.78,51.76,0.7825,-1,-1,-1
14,-1,623.45,371.03,78.11,110.20,0.7778,-1,-1,-1
14,-1,695.37,407.25,48.21,69.94,0.6891,-1,-1,-1
14,-1,873.06,259.12,107.00,129.35,0.4719,-1,-1,-1
15,-1,1060.55,263.54,104.48,185.36,0.8992,-1,-1,-1
15,-1,231.01,197.63,107.35,253.84,0.8976,-1,-1,-1
15,-1,80.72,399.77,140.82,135.77,0.8973,-1,-1,-1
15,-1,545.22,382.32,80.11,53.02,0.8828,-1,-1,-1
15,-1,413.26,249.92,89.94,202.62,0.8726,-1,-1,-1
15,-1,623.41,369.32,77.73,139.85,0.8580,-1,-1,-1
15,-1,0.18,425.68,66.63,148.73,0.8418,-1,-1,-1
15,-1,985.02,265.31,89.29,148.93,0.8311,-1,-1,-1
15,-1,320.21,220.32,103.59,181.59,0.8232,-1,-1,-1
15,-1,863.16,216.17,122.78,169.37,0.5221,-1,-1,-1
15,-1,697.04,406.64,45.31,57.51,0.4354,-1,-1,-1
16,-1,82.98,399.35,138.94,133.67,0.9315,-1,-1,-1
16,-1,416.82,240.49,89.20,209.20,0.9097,-1,-1,-1
16,-1,1063.59,262.98,105.43,189.04,0.9016,-1,-1,-1
16,-1,0.00,420.06,65.91,148.47,0.8987,-1,-1,-1
16,-1,626.56,369.16,74.86,147.53,0.8727,-1,-1,-1
16,-1,990.20,261.49,93.92,150.12,0.8588,-1,-1,-1
16,-1,1180.24,398.75,51.93,86.62,0.8533,-1,-1,-1
16,-1,865.50,216.57,122.24,167.17,0.8504,-1,-1,-1
16,-1,324.30,213.21,111.59,184.33,0.8418,-1,-1,-1
16,-1,546.65,381.09,80.31,54.74,0.8195,-1,-1,-1
16,-1,235.36,180.54,109.94,270.86,0.6946,-1,-1,-1
16,-1,696.60,406.29,46.33,57.01,0.6471,-1,-1,-1
17,-1,72.19,398.78,131.89,134.56,0.9295,-1,-1,-1
17,-1,410.73,242.96,88.56,199.36,0.9094,-1,-1,-1
17,-1,1055.31,252.22,105.55,187.06,0.9094,-1,-1,-1
17,-1,859.62,197.95,116.47,174.67,0.8950,-1,-1,-1
17,-1,1170.02,385.72,58.41,87.64,0.8779,-1,-1,-1
17,-1,979.48,258.82,92.15,149.58,0.8687,-1,-1,-1
17,-1,322.31,206.44,105.76,183.17,0.8541,-1,-1,-1
17,-1,619.20,359.90,75.47,144.21,0.8475,-1,-1,-1
17,-1,223.78,165.18,113.84,273.01,0.8350,-1,-1,-1
17,-1,0.00,420.58,51.20,132.16,0.7672,-1,-1,-1
17,-1,556.52,376.32,63.59,54.88,0.5602,-1,-1,-1
17,-1,691.92,400.56,41.23,51.48,0.5428,-1,-1,-1
18,-1,56.95,392.75,140.36,132.45,0.9178,-1,-1,-1
18,-1,1048.30,236.15,101.88,184.58,0.9094,-1,-1,-1
18,-1,849.19,180.62,138.93,178.16,0.8969,-1,-1,-1
18,-1,607.97,351.11,77.42,151.01,0.8948,-1,-1,-1
18,-1,308.83,199.05,110.29,184.53,0.8775,-1,-1,-1
18,-1,404.05,237.82,89.39,201.17,0.8737,-1,-1,-1
18,-1,220.70,174.97,104.92,260.73,0.8400,-1,-1,-1
18,-1,971.20,238.98,92.69,149.70,0.8142,-1,-1,-1
18,-1,1154.80,369.44,63.80,86.30,0.7857,-1,-1,-1
18,-1,541.02,367.17,68.38,57.76,0.7138,-1,-1,-1
18,-1,0.09,420.73,39.70,108.91,0.6077,-1,-1,-1
18,-1,678.01,388.38,46.63,60.74,0.4996,-1,-1,-1
19,-1,34.56,384.90,147.62,138.08,0.9204,-1,-1,-1
19,-1,395.81,246.53,87.92,182.86,0.9092,-1,-1,-1
19,-1,1045.24,221.31,94.51,183.25,0.9006,-1,-1,-1
19,-1,847.93,166.20,134.99,175.43,0.8969,-1,-1,-1
19,-1,300.49,181.68,115.15,190.57,0.8779,-1,-1,-1
19,-1,210.85,170.67,109.04,258.82,0.8731,-1,-1,-1
19,-1,962.40,220.55,95.23,159.74,0.8683,-1,-1,-1
19,-1,1135.94,357.88,60.83,85.04,0.7761,-1,-1,-1
19,-1,598.64,343.57,76.84,139.00,0.7471,-1,-1,-1
19,-1,529.08,359.31,70.41,57.82,0.4305,-1,-1,-1
20,-1,392.77,242.02,90.08,189.06,0.9239,-1,-1,-1
20,-1,20.15,384.11,157.54,145.03,0.9132,-1,-1,-1
20,-1,848.56,160.85,141.74,184.09,0.8988,-1,-1,-1
20,-1,594.62,342.34,76.94,151.81,0.8932,-1,-1,-1
20,-1,1046.31,220.71,90.86,175.34,0.8863,-1,-1,-1
20,-1,297.49,178.91,117.76,193.94,0.8790,-1,-1,-1
20,-1,207.10,164.49,113.86,260.56,0.8702,-1,-1,-1
20,-1,962.45,222.10,94.24,154.38,0.8394,-1,-1,-1
20,-1,663.28,382.33,48.37,69.31,0.7324,-1,-1,-1
20,-1,108.33,192.35,122.34,211.86,0.6534,-1,-1,-1
20,-1,1122.74,357.19,58.11,85.66,0.5687,-1,-1,-1
21,-1,845.70,182.28,147.42,177.20,0.9236,-1,-1,-1
21,-1,13.66,387.96,154.55,152.07,0.9171,-1,-1,-1
21,-1,1040.75,237.64,87.72,167.91,0.8984,-1,-1,-1
21,-1,392.05,240.49,88.67,203.44,0.8952,-1,-1,-1
21,-1,586.55,354.75,77.12,148.16,0.8831,-1,-1,-1
21,-1,299.05,189.67,118.08,193.39,0.8777,-1,-1,-1
21,-1,210.42,179.01,111.61,259.57,0.8600,-1,-1,-1
21,-1,959.36,235.33,91.67,156.53,0.8090,-1,-1,-1
21,-1,1108.54,371.92,55.96,90.19,0.7603,-1,-1,-1
21,-1,512.48,370.11,79.33,56.26,0.7561,-1,-1,-1
21,-1,103.14,190.22,132.99,223.09,0.6598,-1,-1,-1
21,-1,658.18,388.07,44.05,71.13,0.3327,-1,-1,-1
22,-1,842.62,197.59,150.42,177.36,0.9284,-1,-1,-1
22,-1,394.08,271.39,86.68,184.81,0.9051,-1,-1,-1
22,-1,1036.78,254.52,89.11,170.36,0.9036,-1,-1,-1
22,-1,6.48,393.25,156.20,164.06,0.8923,-1,-1,-1
22,-1,304.39,200.86,111.73,196.02,0.8790,-1,-1,-1
22,-1,577.86,369.03,84.92,147.60,0.8612,-1,-1,-1
22,-1,212.37,190.84,107.37,267.91,0.8560,-1,-1,-1
22,-1,108.07,211.72,121.97,218.43,0.8232,-1,-1,-1
22,-1,956.10,256.15,92.10,152.99,0.7377,-1,-1,-1
22,-1,510.77,385.56,66.74,59.69,0.5704,-1,-1,-1
23,-1,394.91,287.21,88.04,176.45,0.9157,-1,-1,-1
23,-1,847.30,207.82,145.13,178.84,0.9151,-1,-1,-1
23,-1,0.95,402.84,159.70,166.77,0.9138,-1,-1,-1
23,-1,1036.55,270.34,87.68,162.28,0.8922,-1,-1,-1
23,-1,215.27,198.31,116.45,269.18,0.8721,-1,-1,-1
23,-1,309.10,205.51,114.02,194.72,0.8697,-1,-1,-1
23,-1,574.20,374.81,97.73,146.47,0.8156,-1,-1,-1
23,-1,106.43,219.79,129.37,215.97,0.8112,-1,-1,-1
23,-1,949.48,267.72,98.23,156.68,0.8108,-1,-1,-1
23,-1,505.39,393.15,69.11,56.26,0.6577,-1,-1,-1
23,-1,1243.56,120.38,36.44,175.07,0.4032,-1,-1,-1
23,-1,644.26,413.35,46.97,61.11,0.3954,-1,-1,-1
24,-1,839.21,217.18,144.14,177.16,0.9183,-1,-1,-1
24,-1,0.52,413.90,144.63,159.87,0.9182,-1,-1,-1
24,-1,211.01,214.08,111.01,258.01,0.8772,-1,-1,-1
24,-1,386.64,284.80,91.22,186.97,0.8732,-1,-1,-1
24,-1,1025.91,273.86,86.52,162.35,0.8662,-1,-1,-1
24,-1,299.87,214.80,119.62,199.27,0.8614,-1,-1,-1
24,-1,568.44,384.85,83.26,148.25,0.8488,-1,-1,-1
24,-1,96.37,231.67,127.55,209.34,0.8287,-1,-1,-1
24,-1,945.47,275.74,85.85,153.02,0.7962,-1,-1,-1
24,-1,637.21,420.56,43.70,79.16,0.6891,-1,-1,-1
24,-1,1140.85,281.73,91.38,46.55,0.6814,-1,-1,-1
24,-1,729.56,424.09,36.58,67.12,0.3472,-1,-1,-1
25,-1,0.65,423.49,138.60,169.81,0.9281,-1,-1,-1
25,-1,209.06,221.26,115.55,267.52,0.9148,-1,-1,-1
25,-1,834.70,222.97,139.80,172.94,0.9123,-1,-1,-1
25,-1,298.53,227.16,117.73,194.06,0.8679,-1,-1,-1
25,-1,557.71,387.64,100.89,148.09,0.8604,-1,-1,-1
25,-1,1016.85,274.16,84.83,165.45,0.8413,-1,-1,-1
25,-1,941.83,277.39,80.67,145.93,0.8302,-1,-1,-1
25,-1,382.27,281.62,89.73,192.06,0.8174,-1,-1,-1
25,-1,92.08,244.80,131.06,216.31,0.7795,-1,-1,-1
25,-1,485.51,403.67,64.67,55.73,0.5744,-1,-1,-1
25,-1,630.58,423.02,40.71,69.72,0.5291,-1,-1,-1
25,-1,187.55,195.63,127.34,82.82,0.4495,-1,-1,-1
26,-1,1.55,429.97,158.76,165.66,0.9186,-1,-1,-1
26,-1,846.39,209.62,142.00,172.63,0.9087,-1,-1,-1
26,-1,112.27,247.58,128.70,208.29,0.9015,-1,-1,-1
26,-1,401.58,304.50,82.99,171.42,0.8917,-1,-1,-1
26,-1,229.24,220.94,116.56,268.46,0.8909,-1,-1,-1
26,-1,1028.30,260.91,90.91,171.40,0.8887,-1,-1,-1
26,-1,575.85,379.36,79.63,149.89,0.8812,-1,-1,-1
26,-1,958.76,259.14,79.35,150.24,0.8610,-1,-1,-1
26,-1,499.58,398.95,59.08,52.25,0.8415,-1,-1,-1
26,-1,318.50,228.18,114.11,196.15,0.8316,-1,-1,-1
26,-1,643.57,418.90,41.70,63.97,0.7963,-1,-1,-1
26,-1,1151.71,264.17,85.75,47.01,0.5993,-1,-1,-1
27,-1,12.50,430.45,156.20,168.16,0.9341,-1,-1,-1
27,-1,241.52,220.40,116.12,268.79,0.9157,-1,-1,-1
27,-1,859.09,209.69,139.99,173.77,0.9156,-1,-1,-1
27,-1,1037.24,258.74,85.83,182.84,0.8813,-1,-1,-1
27,-1,584.12,375.83,82.47,150.17,0.8611,-1,-1,-1
27,-1,409.86,285.04,88.19,189.25,0.8605,-1,-1,-1
27,-1,118.75,257.31,132.64,200.47,0.8543,-1,-1,-1
27,-1,509.19,397.96,55.60,52.12,0.8490,-1,-1,-1
27,-1,330.74,227.74,114.78,193.33,0.8458,-1,-1,-1
27,-1,956.28,259.13,93.54,161.86,0.8182,-1,-1,-1
27,-1,646.27,412.84,48.29,69.79,0.6036,-1,-1,-1
27,-1,911.20,396.32,50.49,77.34,0.3721,-1,-1,-1
28,-1,40.52,438.00,153.98,164.11,0.9238,-1,-1,-1
28,-1,875.74,202.66,144.06,177.61,0.9195,-1,-1,-1
28,-1,433.49,302.73,82.57,178.27,0.9080,-1,-1,-1
28,-1,1057.91,248.69,88.17,201.36,0.8994,-1,-1,-1
28,-1,268.53,233.53,111.66,262.16,0.8992,-1,-1,-1
28,-1,524.25,401.71,55.50,48.59,0.8811,-1,-1,-1
28,-1,600.66,375.96,83.71,151.80,0.8771,-1,-1,-1
28,-1,353.91,234.83,112.04,192.52,0.8619,-1,-1,-1
28,-1,146.66,257.62,134.35,205.34,0.8328,-1,-1,-1
28,-1,930.74,389.68,49.54,78.84,0.8010,-1,-1,-1
28,-1,668.84,411.63,41.30,75.07,0.7884,-1,-1,-1
28,-1,1177.13,240.71,88.96,58.52,0.7480,-1,-1,-1
28,-1,987.21,252.91,80.42,152.49,0.6236,-1,-1,-1
28,-1,735.85,401.41,44.63,75.50,0.4439,-1,-1,-1
29,-1,279.05,234.75,107.05,265.44,0.9126,-1,-1,-1
29,-1,54.77,444.48,150.58,161.09,0.9117,-1,-1,-1
29,-1,882.91,194.38,142.35,182.06,0.9086,-1,-1,-1
29,-1,441.81,308.72,82.22,167.43,0.8947,-1,-1,-1
29,-1,362.76,231.11,112.89,195.39,0.8829,-1,-1,-1
29,-1,934.77,383.23,50.75,74.61,0.8737,-1,-1,-1
29,-1,1065.60,238.73,85.58,172.02,0.8680,-1,-1,-1
29,-1,608.09,372.61,93.98,149.85,0.8562,-1,-1,-1
29,-1,533.93,400.21,52.96,47.05,0.7823,-1,-1,-1
29,-1,150.93,262.42,132.17,194.71,0.7816,-1,-1,-1
29,-1,993.78,243.76,81.87,156.24,0.7386,-1,-1,-1
29,-1,1186.24,231.45,86.33,58.55,0.7082,-1,-1,-1
29,-1,0.00,514.87,37.55,132.17,0.5968,-1,-1,-1
29,-1,739.83,396.92,47.26,75.42,0.5120,-1,-1,-1
29,-1,673.90,402.83,44.91,84.50,0.4198,-1,-1,-1
29,-1,778.48,294.09,52.98,37.67,0.3527,-1,-1,-1
30,-1,59.45,452.59,149.05,167.28,0.9226,-1,-1,-1
30,-1,281.76,243.01,109.65,261.27,0.9221,-1,-1,-1
30,-1,444.35,313.74,82.35,165.49,0.9116,-1,-1,-1
30,-1,884.80,192.59,139.47,175.65,0.9061,-1,-1,-1
30,-1,1066.07,232.54,86.45,194.08,0.8799,-1,-1,-1
30,-1,369.03,238.23,104.66,193.26,0.8776,-1,-1,-1
30,-1,937.22,375.05,51.67,79.54,0.8695,-1,-1,-1
30,-1,611.41,373.29,96.54,149.37,0.8657,-1,-1,-1
30,-1,538.04,403.30,51.04,45.76,0.8505,-1,-1,-1
30,-1,989.19,237.72,84.63,162.04,0.8245,-1,-1,-1
30,-1,154.84,271.90,125.70,186.34,0.7800,-1,-1,-1
30,-1,0.01,526.03,43.72,166.93,0.7158,-1,-1,-1
30,-1,1187.32,217.95,87.83,61.77,0.4985,-1,-1,-1
30,-1,736.31,394.35,52.11,73.80,0.4251,-1,-1,-1
30,-1,776.47,292.50,50.19,34.96,0.3446,-1,-1,-1
31,-1,72.72,446.26,147.68,167.02,0.9188,-1,-1,-1
31,-1,290.37,241.84,115.23,254.14,0.9159,-1,-1,-1
31,-1,891.64,183.52,140.58,176.38,0.9099,-1,-1,-1
31,-1,454.00,304.62,81.46,169.25,0.8944,-1,-1,-1
31,-1,378.77,238.55,103.47,183.00,0.8830,-1,-1,-1
31,-1,942.57,366.54,51.23,78.04,0.8729,-1,-1,-1
31,-1,0.00,508.40,56.37,167.95,0.8712,-1,-1,-1
31,-1,172.00,270.17,132.00,195.06,0.8661,-1,-1,-1
31,-1,543.13,395.27,54.17,45.22,0.8514,-1,-1,-1
31,-1,615.02,367.64,105.89,144.28,0.8457,-1,-1,-1
31,-1,1072.00,223.22,90.28,173.15,0.8266,-1,-1,-1
31,-1,996.48,227.92,89.15,161.51,0.7881,-1,-1,-1
32,-1,89.34,430.83,144.88,164.14,0.9310,-1,-1,-1
32,-1,306.59,224.04,106.30,254.31,0.9305,-1,-1,-1
32,-1,901.99,167.44,138.27,180.82,0.9122,-1,-1,-1
32,-1,465.49,281.26,80.15,177.84,0.9095,-1,-1,-1
32,-1,188.10,255.29,128.56,200.60,0.9081,-1,-1,-1
32,-1,1086.86,208.11,90.48,176.81,0.8999,-1,-1,-1
32,-1,0.00,484.75,73.85,167.77,0.8985,-1,-1,-1
32,-1,624.14,351.21,105.39,143.00,0.8865,-1,-1,-1
32,-1,390.79,223.83,100.69,184.16,0.8599,-1,-1,-1
32,-1,950.60,350.91,50.02,75.42,0.8392,-1,-1,-1
32,-1,553.10,378.85,49.71,43.45,0.8035,-1,-1,-1
32,-1,1018.78,213.20,75.79,147.96,0.7664,-1,-1,-1
32,-1,1204.65,155.16,75.35,104.34,0.4227,-1,-1,-1
33,-1,96.79,425.29,145.44,156.04,0.9183,-1,-1,-1
33,-1,205.48,256.72,128.12,193.19,0.9143,-1,-1,-1
33,-1,322.20,223.95,106.11,249.72,0.9136,-1,-1,-1
33,-1,915.69,181.70,137.71,177.51,0.9112,-1,-1,-1
33,-1,478.44,284.06,78.18,182.18,0.8967,-1,-1,-1
33,-1,1093.49,224.59,90.03,177.06,0.8944,-1,-1,-1
33,-1,0.00,473.34,79.30,165.58,0.8927,-1,-1,-1
33,-1,565.33,383.61,43.66,42.99,0.8895,-1,-1,-1
33,-1,409.18,220.57,100.81,182.62,0.8888,-1,-1,-1
33,-1,632.03,355.12,100.11,144.96,0.8361,-1,-1,-1
33,-1,957.72,364.53,46.26,76.91,0.8260,-1,-1,-1
33,-1,1026.86,224.56,74.72,149.18,0.7898,-1,-1,-1
33,-1,1217.20,171.97,62.80,104.53,0.7054,-1,-1,-1
33,-1,198.35,368.13,50.66,36.25,0.6976,-1,-1,-1
34,-1,340.74,228.26,108.86,247.11,0.9191,-1,-1,-1
34,-1,1101.65,238.82,88.54,165.94,0.9147,-1,-1,-1
34,-1,228.15,250.56,125.38,202.16,0.9099,-1,-1,-1
34,-1,111.98,421.52,144.52,159.70,0.9038,-1,-1,-1
34,-1,491.56,292.00,77.63,169.67,0.9019,-1,-1,-1
34,-1,960.60,376.67,48.82,77.14,0.8841,-1,-1,-1
34,-1,0.00,466.72,95.88,166.65,0.8763,-1,-1,-1
34,-1,929.53,196.62,130.12,177.16,0.8737,-1,-1,-1
34,-1,639.03,362.80,99.77,145.23,0.8685,-1,-1,-1
34,-1,422.50,228.82,101.94,181.33,0.8603,-1,-1,-1
34,-1,1036.88,241.70,76.53,139.83,0.8219,-1,-1,-1
34,-1,574.76,386.42,51.05,47.25,0.8071,-1,-1,-1
34,-1,1224.49,191.85,55.51,97.86,0.5175,-1,-1,-1
35,-1,242.48,267.85,124.84,199.57,0.9215,-1,-1,-1
35,-1,124.54,438.19,141.14,155.16,0.9193,-1,-1,-1
35,-1,934.11,207.53,139.75,180.19,0.9090,-1,-1,-1
35,-1,1106.00,250.47,83.27,168.02,0.9084,-1,-1,-1
35,-1,0.37,484.27,106.29,165.45,0.9016,-1,-1,-1
35,-1,500.79,308.25,75.14,162.24,0.8687,-1,-1,-1
35,-1,352.08,246.34,107.26,242.98,0.8640,-1,-1,-1
35,-1,645.73,372.94,95.50,147.92,0.8524,-1,-1,-1
35,-1,434.89,242.56,98.93,183.41,0.8499,-1,-1,-1
35,-1,576.49,399.88,48.29,41.75,0.8348,-1,-1,-1
35,-1,1041.47,252.12,77.29,141.45,0.8187,-1,-1,-1
35,-1,1223.46,197.75,56.54,101.49,0.6535,-1,-1,-1
35,-1,961.89,384.50,49.94,76.23,0.5417,-1,-1,-1
36,-1,503.38,322.16,74.77,164.14,0.9201,-1,-1,-1
36,-1,1102.27,252.62,86.65,170.92,0.9160,-1,-1,-1
36,-1,247.88,278.41,120.47,203.32,0.9123,-1,-1,-1
36,-1,0.00,499.67,107.34,167.69,0.9090,-1,-1,-1
36,-1,124.61,446.99,141.42,163.27,0.9090,-1,-1,-1
36,-1,932.42,212.50,143.88,185.23,0.9047,-1,-1,-1
36,-1,355.90,267.36,113.86,235.56,0.9042,-1,-1,-1
36,-1,642.60,383.11,101.53,143.40,0.8998,-1,-1,-1
36,-1,444.25,252.52,96.84,182.69,0.8840,-1,-1,-1
36,-1,1040.10,258.91,80.27,141.57,0.7965,-1,-1,-1
36,-1,574.30,408.52,46.09,42.76,0.7257,-1,-1,-1
36,-1,1226.69,199.23,53.31,110.40,0.6842,-1,-1,-1
36,-1,956.78,391.34,51.10,75.20,0.3513,-1,-1,-1
37,-1,370.89,274.66,105.62,232.26,0.9244,-1,-1,-1
37,-1,260.30,291.42,124.38,192.69,0.9205,-1,-1,-1
37,-1,136.15,458.13,141.00,158.99,0.9168,-1,-1,-1
37,-1,938.76,219.33,138.60,208.28,0.8991,-1,-1,-1
37,-1,455.19,271.93,94.76,171.53,0.8965,-1,-1,-1
37,-1,515.84,333.56,72.78,152.75,0.8915,-1,-1,-1
37,-1,650.48,389.85,102.92,143.95,0.8777,-1,-1,-1
37,-1,7.02,506.30,113.44,170.51,0.8648,-1,-1,-1
37,-1,1110.00,263.88,86.07,166.58,0.8142,-1,-1,-1
37,-1,584.52,417.49,42.37,42.74,0.6659,-1,-1,-1
37,-1,1048.59,263.64,83.52,141.66,0.6374,-1,-1,-1
38,-1,1124.10,264.04,85.37,166.20,0.9074,-1,-1,-1
38,-1,530.23,320.46,72.08,166.22,0.8958,-1,-1,-1
38,-1,955.23,225.39,124.24,175.69,0.8948,-1,-1,-1
38,-1,274.50,288.00,133.73,201.34,0.8889,-1,-1,-1
38,-1,149.98,462.53,144.40,156.46,0.8865,-1,-1,-1
38,-1,658.65,389.61,101.84,147.54,0.8848,-1,-1,-1
38,-1,391.69,270.44,108.06,238.26,0.8550,-1,-1,-1
38,-1,595.96,417.11,40.10,44.58,0.8463,-1,-1,-1
38,-1,30.31,507.97,108.85,169.08,0.8189,-1,-1,-1
38,-1,470.37,267.53,99.08,178.13,0.7883,-1,-1,-1
38,-1,1061.04,258.30,81.92,148.10,0.4817,-1,-1,-1
38,-1,0.08,509.17,58.46,125.11,0.3554,-1,-1,-1
39,-1,146.49,471.01,141.96,158.26,0.9387,-1,-1,-1
39,-1,277.67,296.17,125.58,200.64,0.9214,-1,-1,-1
39,-1,946.08,233.20,122.77,181.57,0.8961,-1,-1,-1
39,-1,1115.79,272.32,82.49,157.54,0.8947,-1,-1,-1
39,-1,2.13,522.65,134.91,171.81,0.8925,-1,-1,-1
39,-1,527.71,327.60,71.65,170.57,0.8579,-1,-1,-1
39,-1,461.77,282.68,106.47,171.50,0.8133,-1,-1,-1
39,-1,653.52,398.64,100.26,148.20,0.7608,-1,-1,-1
39,-1,390.43,315.93,100.21,200.80,0.6957,-1,-1,-1
39,-1,590.68,421.35,51.60,45.96,0.6597,-1,-1,-1
39,-1,1237.56,235.53,42.44,90.09,0.5913,-1,-1,-1
39,-1,1057.27,266.97,71.38,206.70,0.4521,-1,-1,-1
40,-1,295.11,287.62,120.64,204.18,0.9080,-1,-1,-1
40,-1,153.83,464.25,146.17,159.40,0.9043,-1,-1,-1
40,-1,1122.78,270.67,84.30,158.75,0.8987,-1,-1,-1
40,-1,660.88,393.15,97.18,148.40,0.8851,-1,-1,-1
40,-1,474.56,277.85,108.57,173.22,0.8760,-1,-1,-1
40,-1,7.27,514.04,134.93,174.36,0.8493,-1,-1,-1
40,-1,538.66,313.01,69.88,181.86,0.7587,-1,-1,-1
40,-1,403.77,309.21,102.94,200.87,0.7572,-1,-1,-1
40,-1,970.73,224.46,106.94,195.35,0.7421,-1,-1,-1
40,-1,953.08,252.76,67.09,140.02,0.4163,-1,-1,-1
40,-1,1063.34,266.21,72.42,193.72,0.3420,-1,-1,-1
41,-1,2.06,515.99,155.88,177.97,0.9163,-1,-1,-1
41,-1,169.82,471.89,145.24,159.51,0.9128,-1,-1,-1
41,-1,316.07,291.68,129.92,205.11,0.9103,-1,-1,-1
41,-1,1134.84,281.38,82.37,153.89,0.8946,-1,-1,-1
41,-1,425.75,308.09,93.29,206.38,0.8873,-1,-1,-1
41,-1,499.67,284.51,97.75,170.08,0.8747,-1,-1,-1
41,-1,667.93,401.79,94.37,146.49,0.8613,-1,-1,-1
41,-1,964.08,239.62,126.15,196.64,0.8591,-1,-1,-1
41,-1,553.89,327.83,70.65,174.56,0.8192,-1,-1,-1
41,-1,1071.93,279.98,70.91,168.43,0.5832,-1,-1,-1
41,-1,0.00,252.19,49.39,138.03,0.3507,-1,-1,-1
42,-1,0.27,538.45,166.62,174.32,0.9221,-1,-1,-1
42,-1,173.83,491.07,146.89,158.76,0.9212,-1,-1,-1
42,-1,1134.30,307.78,83.42,155.38,0.9082,-1,-1,-1
42,-1,435.33,325.75,97.06,209.07,0.9041,-1,-1,-1
42,-1,515.38,306.92,88.65,170.68,0.8718,-1,-1,-1
42,-1,968.13,264.90,129.53,167.49,0.7986,-1,-1,-1
42,-1,557.22,349.30,72.98,175.38,0.7565,-1,-1,-1
42,-1,334.31,313.92,107.49,203.40,0.7478,-1,-1,-1
42,-1,670.36,422.70,102.01,145.26,0.7424,-1,-1,-1
42,-1,0.03,269.58,63.57,110.07,0.6591,-1,-1,-1
42,-1,964.30,290.15,70.44,136.05,0.3267,-1,-1,-1
42,-1,1072.86,315.64,70.53,182.70,0.3163,-1,-1,-1
43,-1,174.62,498.43,149.79,157.42,0.9175,-1,-1,-1
43,-1,442.42,327.29,100.02,213.90,0.9123,-1,-1,-1
43,-1,1135.86,320.19,78.77,150.65,0.8885,-1,-1,-1
43,-1,0.53,545.13,166.16,173.54,0.8846,-1,-1,-1
43,-1,338.31,317.27,125.95,209.38,0.8782,-1,-1,-1
43,-1,971.54,278.50,128.32,156.96,0.8468,-1,-1,-1
43,-1,526.46,314.16,88.72,176.10,0.7863,-1,-1,-1
43,-1,675.88,434.37,94.27,133.04,0.7261,-1,-1,-1
43,-1,0.11,272.34,74.70,113.26,0.7219,-1,-1,-1
43,-1,554.25,330.30,77.29,205.17,0.5769,-1,-1,-1
43,-1,1070.79,331.47,69.90,179.14,0.3677,-1,-1,-1
44,-1,177.61,501.07,145.87,159.79,0.9278,-1,-1,-1
44,-1,446.94,332.32,99.73,209.29,0.9059,-1,-1,-1
44,-1,1136.30,318.39,82.55,154.96,0.9050,-1,-1,-1
44,-1,340.98,315.70,127.74,211.43,0.8878,-1,-1,-1
44,-1,670.38,433.28,98.82,143.18,0.8747,-1,-1,-1
44,-1,0.44,546.29,167.27,172.03,0.8560,-1,-1,-1
44,-1,967.23,277.33,134.91,164.54,0.8507,-1,-1,-1
44,-1,1070.78,326.64,68.73,179.92,0.8422,-1,-1,-1
44,-1,0.00,274.80,78.07,107.08,0.7992,-1,-1,-1
44,-1,545.78,318.66,87.76,216.48,0.7977,-1,-1,-1
44,-1,0.18,472.02,93.95,94.44,0.5938,-1,-1,-1
45,-1,175.74,500.37,149.85,161.97,0.9323,-1,-1,-1
45,-1,448.68,326.95,99.98,211.42,0.9099,-1,-1,-1
45,-1,1136.21,314.56,88.06,148.50,0.8885,-1,-1,-1
45,-1,5.28,547.33,163.64,170.51,0.8856,-1,-1,-1
45,-1,671.52,429.98,95.82,139.75,0.8292,-1,-1,-1
45,-1,342.53,310.40,124.83,215.35,0.8214,-1,-1,-1
45,-1,965.95,268.60,137.16,185.03,0.8146,-1,-1,-1
45,-1,0.00,271.04,77.41,113.14,0.7618,-1,-1,-1
45,-1,0.00,475.36,90.98,94.09,0.7366,-1,-1,-1
45,-1,542.18,316.71,92.64,215.04,0.7269,-1,-1,-1
46,-1,174.03,500.10,150.12,159.60,0.9226,-1,-1,-1
46,-1,9.28,547.45,154.85,171.37,0.9112,-1,-1,-1
46,-1,448.04,326.09,100.98,210.07,0.9094,-1,-1,-1
46,-1,1133.98,308.76,89.91,155.29,0.8972,-1,-1,-1
46,-1,667.98,428.44,100.43,141.38,0.8330,-1,-1,-1
46,-1,967.63,264.70,131.74,182.09,0.7920,-1,-1,-1
46,-1,339.92,293.57,127.11,232.82,0.7837,-1,-1,-1
46,-1,0.15,262.45,71.85,119.23,0.7354,-1,-1,-1
46,-1,546.48,318.50,89.63,212.34,0.7322,-1,-1,-1
46,-1,0.00,473.33,87.44,96.28,0.5186,-1,-1,-1
46,-1,1059.91,300.45,81.86,193.43,0.4966,-1,-1,-1
47,-1,157.70,488.80,155.09,161.37,0.9179,-1,-1,-1
47,-1,2.93,537.30,150.49,175.82,0.9152,-1,-1,-1
47,-1,1126.89,303.69,86.72,155.28,0.9030,-1,-1,-1
47,-1,442.44,310.55,101.42,218.45,0.8938,-1,-1,-1
47,-1,331.40,283.48,136.51,228.41,0.8514,-1,-1,-1
47,-1,544.84,299.96,83.88,222.62,0.8298,-1,-1,-1
47,-1,683.63,420.53,76.60,100.77,0.7509,-1,-1,-1
47,-1,661.64,426.03,61.46,136.86,0.7314,-1,-1,-1
47,-1,0.09,251.61,61.03,113.34,0.6072,-1,-1,-1
47,-1,1051.31,290.91,79.84,196.42,0.5950,-1,-1,-1
47,-1,963.53,255.81,132.61,190.61,0.4838,-1,-1,-1
47,-1,956.83,281.34,76.54,144.90,0.4798,-1,-1,-1
47,-1,1244.21,264.85,35.79,85.23,0.4591,-1,-1,-1
48,-1,153.80,476.78,157.77,162.22,0.9324,-1,-1,-1
48,-1,1126.41,286.50,85.05,153.40,0.8970,-1,-1,-1
48,-1,440.67,292.21,103.21,221.09,0.8932,-1,-1,-1
48,-1,328.94,275.12,127.95,221.01,0.8590,-1,-1,-1
48,-1,958.38,244.22,142.45,182.62,0.8120,-1,-1,-1
48,-1,0.00,515.24,149.16,196.99,0.8087,-1,-1,-1
48,-1,0.19,249.94,53.86,101.37,0.7652,-1,-1,-1
48,-1,680.80,406.10,77.51,100.14,0.7561,-1,-1,-1
48,-1,533.98,277.34,88.99,220.41,0.6910,-1,-1,-1
48,-1,658.74,412.77,61.90,137.19,0.6858,-1,-1,-1
49,-1,147.58,474.20,156.02,164.93,0.9204,-1,-1,-1
49,-1,435.50,297.30,102.78,212.86,0.8968,-1,-1,-1
49,-1,1121.68,290.62,85.20,155.03,0.8908,-1,-1,-1
49,-1,953.03,247.74,142.56,165.01,0.8610,-1,-1,-1
49,-1,323.93,266.48,130.63,229.46,0.8123,-1,-1,-1
49,-1,533.53,279.08,86.55,224.50,0.7912,-1,-1,-1
49,-1,652.06,409.14,95.27,146.27,0.7652,-1,-1,-1
49,-1,0.45,267.78,44.58,77.04,0.6282,-1,-1,-1
49,-1,3.54,517.77,101.75,28.91,0.4308,-1,-1,-1
50,-1,167.01,465.44,138.28,166.39,0.9023,-1,-1,-1
50,-1,436.89,299.39,102.05,208.81,0.8969,-1,-1,-1
50,-1,1123.91,292.23,85.62,153.18,0.8904,-1,-1,-1
50,-1,955.40,246.61,146.61,168.39,0.8815,-1,-1,-1
50,-1,653.70,404.80,97.70,147.15,0.8218,-1,-1,-1
50,-1,325.02,253.57,134.76,238.87,0.8053,-1,-1,-1
50,-1,534.24,273.66,86.74,230.73,0.8024,-1,-1,-1
50,-1,0.37,251.00,46.52,90.25,0.6568,-1,-1,-1
51,-1,438.89,293.36,101.42,215.23,0.8950,-1,-1,-1
51,-1,1126.30,291.83,84.61,151.95,0.8901,-1,-1,-1
51,-1,957.12,247.18,142.61,169.29,0.8572,-1,-1,-1
51,-1,328.16,258.05,132.49,235.49,0.8312,-1,-1,-1
51,-1,534.00,273.57,88.78,227.66,0.7887,-1,-1,-1
51,-1,223.67,467.78,80.80,162.32,0.7276,-1,-1,-1
51,-1,655.96,413.61,63.06,135.32,0.6939,-1,-1,-1
51,-1,0.22,236.52,50.76,106.26,0.6916,-1,-1,-1
51,-1,677.45,406.37,78.01,99.23,0.6890,-1,-1,-1
51,-1,149.68,464.56,157.53,124.98,0.6125,-1,-1,-1
51,-1,924.51,413.21,50.00,78.58,0.3747,-1,-1,-1
52,-1,1128.36,288.47,88.34,154.86,0.8993,-1,-1,-1
52,-1,441.45,288.59,101.79,219.66,0.8952,-1,-1,-1
52,-1,962.15,244.88,138.56,163.21,0.8727,-1,-1,-1
52,-1,244.74,464.41,65.45,161.44,0.8550,-1,-1,-1
52,-1,330.70,263.25,128.96,229.34,0.8142,-1,-1,-1
52,-1,0.21,237.81,57.36,104.53,0.7677,-1,-1,-1
52,-1,540.53,277.14,88.39,224.50,0.7598,-1,-1,-1
52,-1,682.51,404.29,77.39,97.12,0.7448,-1,-1,-1
52,-1,659.28,413.42,60.47,132.06,0.7033,-1,-1,-1
52,-1,0.38,442.62,66.21,110.75,0.3608,-1,-1,-1
52,-1,0.37,504.56,39.39,155.51,0.3281,-1,-1,-1
53,-1,1132.70,284.71,85.46,153.87,0.8968,-1,-1,-1
53,-1,446.62,287.67,102.67,214.29,0.8935,-1,-1,-1
53,-1,337.29,254.44,132.72,231.84,0.8697,-1,-1,-1
53,-1,662.61,399.87,97.38,141.34,0.8694,-1,-1,-1
53,-1,966.22,237.97,138.75,173.53,0.8660,-1,-1,-1
53,-1,546.80,266.67,85.68,232.28,0.8613,-1,-1,-1
53,-1,0.04,236.74,62.86,104.16,0.7634,-1,-1,-1
53,-1,153.01,460.11,160.20,109.88,0.7243,-1,-1,-1
53,-1,0.10,501.89,54.58,144.89,0.5598,-1,-1,-1
54,-1,1131.10,280.90,80.16,154.28,0.8940,-1,-1,-1
54,-1,552.32,270.67,83.41,221.38,0.8882,-1,-1,-1
54,-1,449.41,281.19,103.79,218.97,0.8707,-1,-1,-1
54,-1,971.64,235.76,134.37,160.56,0.8646,-1,-1,-1
54,-1,340.74,251.58,130.57,230.41,0.8466,-1,-1,-1
54,-1,159.27,458.57,157.03,136.23,0.8438,-1,-1,-1
54,-1,0.26,231.75,66.35,102.98,0.7948,-1,-1,-1
54,-1,3.63,504.20,135.51,92.78,0.7940,-1,-1,-1
54,-1,662.07,398.75,88.60,135.63,0.7112,-1,-1,-1
54,-1,1245.10,246.37,34.82,84.98,0.3153,-1,-1,-1
55,-1,154.80,455.93,157.81,154.60,0.8955,-1,-1,-1
55,-1,1116.63,278.44,78.47,150.07,0.8854,-1,-1,-1
55,-1,547.08,276.58,80.90,213.94,0.8673,-1,-1,-1
55,-1,336.03,257.14,132.28,222.01,0.8640,-1,-1,-1
55,-1,0.36,502.99,137.11,119.38,0.8487,-1,-1,-1
55,-1,446.25,271.23,103.78,225.71,0.8031,-1,-1,-1
55,-1,951.54,233.99,144.23,164.55,0.8019,-1,-1,-1
55,-1,0.11,231.12,57.69,99.36,0.7490,-1,-1,-1
55,-1,652.52,396.07,91.09,129.49,0.7455,-1,-1,-1
56,-1,150.71,450.02,164.66,161.73,0.8997,-1,-1,-1
56,-1,1111.93,263.88,77.50,147.96,0.8931,-1,-1,-1
56,-1,650.12,384.35,95.22,138.40,0.8729,-1,-1,-1
56,-1,550.40,268.19,78.06,208.94,0.8691,-1,-1,-1
56,-1,445.12,275.79,103.84,215.28,0.8674,-1,-1,-1
56,-1,1.51,506.70,152.74,94.30,0.8658,-1,-1,-1
56,-1,945.60,218.68,149.88,168.29,0.8615,-1,-1,-1
56,-1,335.94,253.23,136.25,221.89,0.8511,-1,-1,-1
56,-1,0.08,226.76,51.19,98.39,0.7036,-1,-1,-1
57,-1,136.28,446.25,171.34,158.06,0.9196,-1,-1,-1
57,-1,0.00,498.35,141.09,102.40,0.9130,-1,-1,-1
57,-1,439.03,276.54,102.33,200.82,0.8913,-1,-1,-1
57,-1,1098.15,257.13,76.44,144.83,0.8789,-1,-1,-1
57,-1,944.22,213.75,127.68,159.20,0.8742,-1,-1,-1
57,-1,546.40,263.20,72.30,207.11,0.8631,-1,-1,-1
57,-1,329.44,246.11,132.32,219.92,0.8436,-1,-1,-1
57,-1,667.49,376.60,66.25,98.46,0.8116,-1,-1,-1
57,-1,639.51,392.02,59.07,122.55,0.8008,-1,-1,-1
57,-1,0.37,245.13,38.69,75.67,0.4532,-1,-1,-1
58,-1,0.18,481.97,157.62,112.77,0.9038,-1,-1,-1
58,-1,155.91,427.43,163.74,163.69,0.8988,-1,-1,-1
58,-1,1106.62,236.97,73.95,139.50,0.8975,-1,-1,-1
58,-1,946.80,193.71,144.22,161.90,0.8773,-1,-1,-1
58,-1,450.34,243.20,104.84,220.28,0.8319,-1,-1,-1
58,-1,551.24,251.40,76.04,202.68,0.8239,-1,-1,-1
58,-1,342.27,219.78,132.13,229.84,0.7609,-1,-1,-1
58,-1,664.24,358.79,77.95,105.71,0.6348,-1,-1,-1
58,-1,644.08,369.44,69.12,128.96,0.6325,-1,-1,-1
58,-1,0.26,203.27,51.46,107.78,0.6289,-1,-1,-1
59,-1,10.73,465.22,170.34,118.76,0.9172,-1,-1,-1
59,-1,174.84,414.25,164.23,162.24,0.9169,-1,-1,-1
59,-1,1123.07,223.04,74.89,138.86,0.8967,-1,-1,-1
59,-1,363.53,223.72,124.90,207.41,0.8832,-1,-1,-1
59,-1,468.60,232.25,109.76,212.17,0.8626,-1,-1,-1
59,-1,973.12,176.93,135.42,161.90,0.8584,-1,-1,-1
59,-1,659.48,353.71,69.74,140.59,0.7326,-1,-1,-1
59,-1,567.38,239.26,76.92,197.64,0.7058,-1,-1,-1
59,-1,682.51,346.30,74.93,107.88,0.5085,-1,-1,-1
59,-1,0.18,180.65,73.20,157.81,0.4793,-1,-1,-1
60,-1,57.73,446.15,164.44,123.01,0.9271,-1,-1,-1
60,-1,213.55,397.28,162.20,157.80,0.9104,-1,-1,-1
60,-1,1159.81,213.12,78.71,142.81,0.8462,-1,-1,-1
60,-1,505.32,210.34,105.28,217.55,0.8216,-1,-1,-1
60,-1,589.87,222.99,83.11,204.27,0.8200,-1,-1,-1
60,-1,1010.46,162.92,147.54,166.56,0.8049,-1,-1,-1
60,-1,404.10,202.40,125.20,208.14,0.8024,-1,-1,-1
60,-1,688.14,341.91,62.33,136.08,0.7657,-1,-1,-1
60,-1,0.83,163.43,120.50,98.64,0.7552,-1,-1,-1
60,-1,715.64,330.37,71.84,96.76,0.7409,-1,-1,-1
61,-1,247.25,384.14,155.41,150.48,0.9179,-1,-1,-1
61,-1,135.30,426.26,120.75,130.87,0.8981,-1,-1,-1
61,-1,1031.88,167.72,160.21,163.02,0.8701,-1,-1,-1
61,-1,1188.56,213.06,80.98,147.00,0.8412,-1,-1,-1
61,-1,534.36,204.92,109.94,211.36,0.8260,-1,-1,-1
61,-1,617.15,211.92,84.21,200.50,0.8160,-1,-1,-1
61,-1,436.11,192.70,115.45,204.98,0.7946,-1,-1,-1
61,-1,1.91,138.66,160.76,106.81,0.7681,-1,-1,-1
61,-1,720.50,326.02,90.83,96.40,0.5466,-1,-1,-1
61,-1,706.07,334.08,71.47,138.57,0.4740,-1,-1,-1
62,-1,280.76,384.60,153.62,153.49,0.9262,-1,-1,-1
62,-1,1063.75,181.77,155.65,154.01,0.8855,-1,-1,-1
62,-1,176.37,426.54,113.55,131.00,0.8818,-1,-1,-1
62,-1,472.95,201.19,106.58,198.26,0.8727,-1,-1,-1
62,-1,645.52,215.50,85.82,203.64,0.8574,-1,-1,-1
62,-1,51.31,136.32,161.31,107.83,0.8434,-1,-1,-1
62,-1,1221.17,223.07,58.61,142.86,0.8148,-1,-1,-1
62,-1,566.19,208.67,110.97,213.25,0.7745,-1,-1,-1
62,-1,739.67,330.77,101.36,113.37,0.6260,-1,-1,-1
63,-1,310.73,383.10,156.69,145.22,0.9174,-1,-1,-1
63,-1,1096.09,171.39,157.97,164.89,0.8960,-1,-1,-1
63,-1,111.93,131.27,142.18,113.95,0.8721,-1,-1,-1
63,-1,505.61,197.88,107.98,195.59,0.8585,-1,-1,-1
63,-1,761.60,336.75,63.73,136.05,0.8525,-1,-1,-1
63,-1,672.60,205.79,86.90,206.63,0.8127,-1,-1,-1
63,-1,789.33,325.51,74.86,98.43,0.8074,-1,-1,-1
63,-1,287.81,355.24,65.02,65.08,0.7691,-1,-1,-1
63,-1,216.20,418.55,110.30,137.05,0.7249,-1,-1,-1
63,-1,596.72,202.44,114.47,211.14,0.7046,-1,-1,-1
63,-1,1064.12,251.79,88.79,91.20,0.4778,-1,-1,-1
63,-1,1251.48,227.67,28.52,123.23,0.3869,-1,-1,-1
64,-1,343.33,383.34,155.00,139.62,0.9203,-1,-1,-1
64,-1,1118.35,179.10,159.79,165.86,0.8750,-1,-1,-1
64,-1,541.60,203.24,103.90,198.05,0.8661,-1,-1,-1
64,-1,788.13,339.52,62.96,132.23,0.8240,-1,-1,-1
64,-1,702.00,205.99,87.22,209.03,0.8120,-1,-1,-1
64,-1,811.59,331.24,80.56,99.26,0.7832,-1,-1,-1
64,-1,318.62,353.12,69.19,66.74,0.7348,-1,-1,-1
64,-1,160.63,138.90,138.25,112.30,0.6999,-1,-1,-1
64,-1,625.52,197.47,115.24,219.50,0.6166,-1,-1,-1
64,-1,0.00,266.80,37.48,194.39,0.4025,-1,-1,-1
64,-1,1093.50,252.62,82.50,89.72,0.3801,-1,-1,-1
65,-1,376.10,362.35,153.49,140.14,0.9181,-1,-1,-1
65,-1,303.93,419.14,86.26,133.21,0.8822,-1,-1,-1
65,-1,570.33,183.75,103.77,196.55,0.8256,-1,-1,-1
65,-1,1152.05,159.79,127.67,167.31,0.8221,-1,-1,-1
65,-1,1121.34,236.61,77.08,88.19,0.6860,-1,-1,-1
65,-1,812.80,311.48,103.09,120.75,0.6856,-1,-1,-1
65,-1,0.21,233.14,76.69,126.20,0.6668,-1,-1,-1
65,-1,731.38,191.40,84.56,207.88,0.6084,-1,-1,-1
65,-1,346.51,334.80,64.14,65.87,0.5697,-1,-1,-1
65,-1,652.74,182.26,141.44,219.61,0.5657,-1,-1,-1
65,-1,215.22,134.10,113.16,89.28,0.3709,-1,-1,-1
65,-1,521.70,278.64,37.36,81.59,0.3062,-1,-1,-1
66,-1,417.57,344.86,145.38,142.38,0.9087,-1,-1,-1
66,-1,607.64,166.19,102.74,194.75,0.8408,-1,-1,-1
66,-1,843.41,298.60,106.25,137.33,0.7898,-1,-1,-1
66,-1,349.14,398.86,78.15,131.35,0.7808,-1,-1,-1
66,-1,5.08,200.71,122.54,131.85,0.6358,-1,-1,-1
66,-1,697.30,155.64,128.06,227.21,0.6203,-1,-1,-1
66,-1,772.31,182.66,80.10,197.99,0.5765,-1,-1,-1
66,-1,376.69,313.86,67.32,64.13,0.5502,-1,-1,-1
66,-1,1182.52,164.20,97.48,147.80,0.4241,-1,-1,-1
66,-1,0.00,84.04,114.94,246.85,0.3698,-1,-1,-1
67,-1,443.10,353.74,142.63,136.05,0.9002,-1,-1,-1
67,-1,634.93,173.85,106.18,194.41,0.8761,-1,-1,-1
67,-1,867.88,309.78,106.42,101.96,0.7650,-1,-1,-1
67,-1,369.62,413.50,86.06,119.62,0.6757,-1,-1,-1
67,-1,306.62,110.70,99.58,78.71,0.6506,-1,-1,-1
67,-1,721.45,175.77,143.54,221.58,0.6338,-1,-1,-1
67,-1,1220.58,168.47,59.42,170.83,0.6185,-1,-1,-1
67,-1,50.41,194.98,118.49,138.73,0.5928,-1,-1,-1
67,-1,790.09,176.35,89.41,224.04,0.5275,-1,-1,-1
67,-1,864.13,314.74,75.36,139.21,0.4305,-1,-1,-1
67,-1,0.00,55.48,101.03,219.48,0.4285,-1,-1,-1
67,-1,587.39,289.26,25.75,92.79,0.3756,-1,-1,-1
68,-1,464.18,363.01,141.06,143.74,0.8857,-1,-1,-1
68,-1,660.79,190.60,97.99,197.39,0.8834,-1,-1,-1
68,-1,888.21,329.07,99.80,99.49,0.7841,-1,-1,-1
68,-1,1242.19,192.33,37.81,147.81,0.7371,-1,-1,-1
68,-1,747.42,199.83,136.12,211.14,0.7275,-1,-1,-1
68,-1,4.78,58.09,197.22,281.91,0.6794,-1,-1,-1
68,-1,382.92,441.12,93.58,102.49,0.6757,-1,-1,-1
68,-1,877.98,341.97,59.84,127.64,0.6251,-1,-1,-1
68,-1,1190.80,244.85,77.30,101.34,0.4675,-1,-1,-1
68,-1,576.77,292.99,53.66,98.51,0.4528,-1,-1,-1
68,-1,805.17,191.79,95.11,221.84,0.3801,-1,-1,-1
69,-1,493.79,386.46,128.51,140.98,0.8897,-1,-1,-1
69,-1,681.88,214.53,97.32,192.56,0.8447,-1,-1,-1
69,-1,916.04,351.53,82.80,95.21,0.8416,-1,-1,-1
69,-1,772.40,231.47,103.65,195.47,0.7512,-1,-1,-1
69,-1,43.38,86.96,193.00,280.01,0.7479,-1,-1,-1
69,-1,894.67,365.36,56.28,124.76,0.7393,-1,-1,-1
69,-1,1215.27,293.11,61.02,79.11,0.6737,-1,-1,-1
69,-1,828.95,211.83,89.58,220.44,0.6702,-1,-1,-1
69,-1,424.38,462.69,75.35,110.51,0.6610,-1,-1,-1
70,-1,516.86,409.93,128.57,144.27,0.9206,-1,-1,-1
70,-1,700.10,238.44,105.94,193.53,0.8968,-1,-1,-1
70,-1,76.86,120.29,185.70,278.87,0.8181,-1,-1,-1
70,-1,917.12,367.57,100.38,108.09,0.8016,-1,-1,-1
70,-1,793.73,256.43,112.53,197.17,0.7978,-1,-1,-1
70,-1,0.00,70.98,76.78,269.88,0.6986,-1,-1,-1
70,-1,853.77,243.18,84.54,213.34,0.6057,-1,-1,-1
70,-1,1226.10,298.81,53.90,92.37,0.5553,-1,-1,-1
70,-1,0.00,367.31,52.75,104.32,0.4316,-1,-1,-1
70,-1,456.38,495.03,63.52,84.52,0.3365,-1,-1,-1
71,-1,556.08,428.95,125.16,142.66,0.9177,-1,-1,-1
71,-1,728.81,260.57,110.11,187.48,0.8775,-1,-1,-1
71,-1,817.76,247.79,146.80,225.45,0.8227,-1,-1,-1
71,-1,123.04,149.67,181.12,267.21,0.8198,-1,-1,-1
71,-1,955.85,380.07,89.03,99.53,0.7371,-1,-1,-1
71,-1,0.00,75.44,134.16,331.15,0.4855,-1,-1,-1
72,-1,587.95,452.58,107.90,144.34,0.9082,-1,-1,-1
72,-1,324.95,403.49,63.97,114.78,0.8966,-1,-1,-1
72,-1,760.03,280.31,105.54,190.87,0.8422,-1,-1,-1
72,-1,960.73,404.52,95.72,122.93,0.7933,-1,-1,-1
72,-1,846.17,289.27,124.18,209.51,0.7886,-1,-1,-1
72,-1,0.00,133.38,169.14,396.61,0.7427,-1,-1,-1
72,-1,171.29,180.57,175.80,276.47,0.7112,-1,-1,-1
73,-1,620.26,469.89,99.33,137.94,0.8888,-1,-1,-1
73,-1,780.08,294.77,109.97,192.27,0.8667,-1,-1,-1
73,-1,215.67,202.07,171.08,262.44,0.8053,-1,-1,-1
73,-1,341.23,414.60,78.61,108.83,0.7991,-1,-1,-1
73,-1,870.19,310.94,129.97,205.72,0.7746,-1,-1,-1
73,-1,979.97,420.62,95.04,109.43,0.6957,-1,-1,-1
73,-1,31.94,146.73,173.35,385.81,0.6890,-1,-1,-1
73,-1,0.00,89.65,105.40,286.11,0.4233,-1,-1,-1
74,-1,84.63,183.15,171.03,302.58,0.9090,-1,-1,-1
74,-1,649.87,472.99,88.02,144.41,0.8995,-1,-1,-1
74,-1,985.67,429.58,105.57,127.48,0.8647,-1,-1,-1
74,-1,808.74,305.25,106.83,191.28,0.8584,-1,-1,-1
74,-1,0.00,62.71,170.99,321.97,0.8207,-1,-1,-1
74,-1,886.90,321.55,130.23,202.14,0.8086,-1,-1,-1
74,-1,247.91,210.87,171.15,287.37,0.7414,-1,-1,-1
74,-1,388.27,436.06,66.88,110.23,0.3223,-1,-1,-1
75,-1,670.22,484.75,79.57,144.02,0.9069,-1,-1,-1
75,-1,819.74,329.58,106.80,183.25,0.9052,-1,-1,-1
75,-1,121.29,195.31,168.81,309.97,0.9022,-1,-1,-1
75,-1,996.97,443.35,101.15,101.70,0.8258,-1,-1,-1
75,-1,901.19,321.94,136.24,218.62,0.8074,-1,-1,-1
75,-1,0.00,70.30,217.56,346.70,0.7960,-1,-1,-1
75,-1,400.20,453.60,64.93,117.11,0.7665,-1,-1,-1
75,-1,77.01,443.03,60.19,96.24,0.7443,-1,-1,-1
75,-1,276.52,226.84,159.99,261.06,0.6279,-1,-1,-1
75,-1,349.22,394.44,90.19,150.84,0.5419,-1,-1,-1
76,-1,835.51,341.82,104.34,172.64,0.9094,-1,-1,-1
76,-1,151.57,201.81,163.38,299.26,0.8972,-1,-1,-1
76,-1,685.50,482.35,73.44,146.81,0.8782,-1,-1,-1
76,-1,919.71,318.47,131.81,224.38,0.8719,-1,-1,-1
76,-1,27.04,89.01,213.21,330.04,0.8434,-1,-1,-1
76,-1,1021.80,447.29,83.37,94.42,0.8170,-1,-1,-1
76,-1,320.89,235.14,138.18,262.27,0.6215,-1,-1,-1
76,-1,0.41,117.67,69.80,405.75,0.4111,-1,-1,-1
76,-1,361.17,385.27,102.11,161.69,0.3988,-1,-1,-1
76,-1,83.66,439.49,67.48,99.88,0.3081,-1,-1,-1
77,-1,939.01,324.13,138.14,212.34,0.8926,-1,-1,-1
77,-1,190.04,192.27,171.61,307.92,0.8911,-1,-1,-1
77,-1,857.38,326.26,107.07,181.90,0.8910,-1,-1,-1
77,-1,712.15,477.14,68.61,146.96,0.8574,-1,-1,-1
77,-1,1022.10,439.10,99.83,123.03,0.8383,-1,-1,-1
77,-1,0.00,110.60,107.24,354.07,0.8249,-1,-1,-1
77,-1,63.78,72.33,228.61,340.88,0.7580,-1,-1,-1
77,-1,359.12,278.56,129.56,246.12,0.7196,-1,-1,-1
78,-1,883.70,292.15,109.00,201.54,0.9007,-1,-1,-1
78,-1,1062.64,429.44,77.36,89.65,0.8867,-1,-1,-1
78,-1,239.70,170.61,164.31,296.87,0.8367,-1,-1,-1
78,-1,409.03,419.75,60.96,89.51,0.8200,-1,-1,-1
78,-1,959.69,315.14,137.63,203.23,0.7972,-1,-1,-1
78,-1,405.42,241.39,109.30,213.55,0.7895,-1,-1,-1
78,-1,712.94,451.57,86.24,153.31,0.7126,-1,-1,-1
78,-1,114.38,52.30,229.70,337.30,0.6892,-1,-1,-1
78,-1,1.10,96.23,159.72,322.35,0.5838,-1,-1,-1
78,-1,1195.37,442.96,76.82,81.82,0.5262,-1,-1,-1
79,-1,900.38,306.74,103.61,188.91,0.9125,-1,-1,-1
79,-1,277.21,162.84,165.17,291.93,0.8912,-1,-1,-1
79,-1,976.36,301.23,139.62,224.00,0.8852,-1,-1,-1
79,-1,1071.23,433.43,83.72,90.23,0.8302,-1,-1,-1
79,-1,7.28,71.63,203.27,408.12,0.7691,-1,-1,-1
79,-1,423.55,264.47,114.79,179.15,0.6768,-1,-1,-1
79,-1,422.10,411.31,65.30,91.48,0.6572,-1,-1,-1
79,-1,164.34,35.45,215.45,314.16,0.4970,-1,-1,-1
80,-1,341.28,157.16,151.12,287.57,0.8876,-1,-1,-1
80,-1,942.27,299.31,107.25,195.86,0.8580,-1,-1,-1
80,-1,85.00,54.90,183.71,349.97,0.8442,-1,-1,-1
80,-1,1010.74,297.71,153.32,225.99,0.8045,-1,-1,-1
80,-1,477.58,246.10,106.52,191.60,0.7508,-1,-1,-1
80,-1,1115.19,433.79,82.98,91.68,0.6981,-1,-1,-1
80,-1,232.76,0.00,203.03,337.03,0.6715,-1,-1,-1
80,-1,791.18,540.66,60.63,52.73,0.5828,-1,-1,-1
80,-1,0.00,240.00,49.36,84.79,0.5327,-1,-1,-1
81,-1,398.10,169.15,148.73,273.41,0.8985,-1,-1,-1
81,-1,151.34,60.29,180.34,354.81,0.7947,-1,-1,-1
81,-1,1052.82,311.91,152.60,220.38,0.7926,-1,-1,-1
81,-1,24.94,243.59,78.42,76.13,0.5926,-1,-1,-1
81,-1,497.44,390.78,65.99,89.38,0.5792,-1,-1,-1
81,-1,518.47,255.75,112.21,183.03,0.5367,-1,-1,-1
81,-1,986.72,315.08,112.55,190.91,0.5241,-1,-1,-1
81,-1,1160.56,435.92,77.74,94.33,0.5178,-1,-1,-1
81,-1,300.17,25.75,200.50,320.09,0.4968,-1,-1,-1
82,-1,68.76,254.01,72.61,72.78,0.8931,-1,-1,-1
82,-1,436.70,184.93,142.16,280.18,0.8896,-1,-1,-1
82,-1,1085.41,319.83,154.76,219.09,0.8856,-1,-1,-1
82,-1,1012.89,336.62,112.50,171.05,0.8167,-1,-1,-1
82,-1,206.60,75.96,166.75,337.17,0.7203,-1,-1,-1
82,-1,558.37,261.10,103.72,192.11,0.6677,-1,-1,-1
82,-1,525.24,401.78,67.97,88.06,0.6634,-1,-1,-1
82,-1,355.39,48.65,180.59,309.80,0.6461,-1,-1,-1
82,-1,1187.86,445.66,83.16,86.93,0.6303,-1,-1,-1
82,-1,857.19,558.40,58.93,46.90,0.4892,-1,-1,-1
83,-1,470.29,190.07,140.98,256.90,0.8694,-1,-1,-1
83,-1,1108.70,307.64,153.37,217.39,0.8567,-1,-1,-1
83,-1,253.04,91.41,162.82,325.58,0.8546,-1,-1,-1
83,-1,97.96,261.71,70.90,70.57,0.7742,-1,-1,-1
83,-1,584.29,207.56,105.26,237.41,0.7705,-1,-1,-1
83,-1,546.46,400.55,78.68,100.82,0.7452,-1,-1,-1
83,-1,1216.34,432.45,63.66,86.50,0.6998,-1,-1,-1
83,-1,888.07,548.48,53.07,44.83,0.6953,-1,-1,-1
83,-1,1037.09,310.34,108.60,184.88,0.6732,-1,-1,-1
83,-1,399.85,45.03,170.23,311.16,0.6615,-1,-1,-1
83,-1,8.86,265.76,158.57,77.26,0.4839,-1,-1,-1
84,-1,1073.51,297.75,102.89,187.53,0.9090,-1,-1,-1
84,-1,515.91,183.40,139.99,238.31,0.8803,-1,-1,-1
84,-1,135.15,243.93,69.95,74.22,0.8541,-1,-1,-1
84,-1,299.64,61.29,159.91,340.07,0.8039,-1,-1,-1
84,-1,1154.23,293.32,122.80,219.40,0.7837,-1,-1,-1
84,-1,572.38,391.60,76.67,88.96,0.5787,-1,-1,-1
84,-1,616.97,203.04,108.27,225.78,0.5553,-1,-1,-1
84,-1,453.12,83.77,155.80,254.02,0.5464,-1,-1,-1
84,-1,3.76,251.73,203.45,74.52,0.4863,-1,-1,-1
85,-1,1102.13,282.22,113.98,194.96,0.9161,-1,-1,-1
85,-1,168.84,236.15,64.83,73.46,0.8901,-1,-1,-1
85,-1,749.54,447.92,57.62,107.62,0.8768,-1,-1,-1
85,-1,1186.49,305.07,93.15,203.93,0.8752,-1,-1,-1
85,-1,354.07,61.37,150.96,341.33,0.8339,-1,-1,-1
85,-1,657.26,189.66,99.24,233.28,0.7833,-1,-1,-1
85,-1,555.91,172.60,140.21,235.33,0.7729,-1,-1,-1
85,-1,758.00,255.18,53.73,160.34,0.7451,-1,-1,-1
85,-1,487.58,12.63,168.65,331.12,0.4895,-1,-1,-1
85,-1,959.26,529.35,36.31,43.06,0.3423,-1,-1,-1
85,-1,37.80,252.73,125.69,67.48,0.3098,-1,-1,-1
86,-1,1114.65,304.01,112.67,190.00,0.9158,-1,-1,-1
86,-1,386.86,66.19,150.12,329.45,0.9084,-1,-1,-1
86,-1,763.08,463.97,59.66,98.43,0.8917,-1,-1,-1
86,-1,179.58,241.35,66.47,71.93,0.8856,-1,-1,-1
86,-1,372.96,387.97,47.03,72.59,0.7660,-1,-1,-1
86,-1,819.13,496.30,72.78,113.39,0.7511,-1,-1,-1
86,-1,1199.34,333.89,80.53,204.39,0.6790,-1,-1,-1
86,-1,578.27,180.86,158.34,262.35,0.6547,-1,-1,-1
86,-1,526.47,25.93,154.55,331.82,0.4008,-1,-1,-1
86,-1,675.63,235.64,97.72,211.61,0.3780,-1,-1,-1
86,-1,291.23,369.64,78.72,66.89,0.3419,-1,-1,-1
86,-1,55.42,248.00,194.80,73.01,0.3401,-1,-1,-1
87,-1,417.29,93.14,150.81,319.47,0.9144,-1,-1,-1
87,-1,1120.06,328.75,111.74,187.12,0.8992,-1,-1,-1
87,-1,785.12,291.17,60.73,153.04,0.8659,-1,-1,-1
87,-1,192.26,253.96,64.35,74.35,0.8557,-1,-1,-1
87,-1,765.80,478.31,69.78,100.75,0.8507,-1,-1,-1
87,-1,1193.29,316.12,86.28,261.19,0.6863,-1,-1,-1
87,-1,377.56,395.15,50.57,79.07,0.6456,-1,-1,-1
87,-1,595.91,199.36,164.83,297.48,0.5388,-1,-1,-1
87,-1,605.71,421.37,81.00,78.41,0.5216,-1,-1,-1
87,-1,690.96,338.22,98.03,116.04,0.5064,-1,-1,-1
88,-1,1132.39,335.37,110.35,181.94,0.8954,-1,-1,-1
88,-1,441.35,116.07,149.01,312.44,0.8932,-1,-1,-1
88,-1,185.67,268.58,75.86,75.23,0.8445,-1,-1,-1
88,-1,780.82,490.97,68.79,98.97,0.7931,-1,-1,-1
88,-1,610.04,211.89,162.32,251.53,0.7515,-1,-1,-1
88,-1,796.42,304.24,69.29,151.12,0.7454,-1,-1,-1
88,-1,1213.24,354.80,66.60,242.97,0.6377,-1,-1,-1
88,-1,387.59,314.88,63.65,57.62,0.5188,-1,-1,-1
88,-1,282.60,398.49,77.57,63.55,0.3690,-1,-1,-1
88,-1,709.96,317.13,93.36,153.03,0.3049,-1,-1,-1
89,-1,459.45,135.37,154.08,311.18,0.9162,-1,-1,-1
89,-1,809.14,316.16,72.25,154.21,0.9051,-1,-1,-1
89,-1,1139.40,344.80,112.82,186.32,0.8868,-1,-1,-1
89,-1,202.72,297.07,64.41,67.68,0.8465,-1,-1,-1
89,-1,794.22,504.07,128.18,147.23,0.8451,-1,-1,-1
89,-1,633.68,236.05,157.47,236.64,0.7301,-1,-1,-1
89,-1,390.17,330.63,74.94,57.85,0.6887,-1,-1,-1
89,-1,1213.99,361.39,65.49,201.63,0.6207,-1,-1,-1
89,-1,616.49,432.36,62.99,97.52,0.5710,-1,-1,-1
89,-1,736.87,361.61,80.41,120.46,0.5149,-1,-1,-1
89,-1,602.79,123.33,172.20,297.41,0.3409,-1,-1,-1
89,-1,280.91,415.10,108.75,61.50,0.3126,-1,-1,-1
90,-1,485.48,161.06,151.23,306.14,0.9221,-1,-1,-1
90,-1,821.03,323.23,75.20,162.37,0.8920,-1,-1,-1
90,-1,1146.60,352.06,109.73,186.09,0.8786,-1,-1,-1
90,-1,620.17,435.42,64.34,101.53,0.8741,-1,-1,-1
90,-1,647.15,233.55,145.80,255.90,0.7429,-1,-1,-1
90,-1,754.97,378.38,80.08,112.73,0.6827,-1,-1,-1
90,-1,1224.13,366.20,55.87,238.80,0.6312,-1,-1,-1
90,-1,395.43,440.15,50.81,88.48,0.5630,-1,-1,-1
90,-1,867.65,565.23,66.63,103.45,0.5405,-1,-1,-1
90,-1,804.08,516.50,86.47,108.01,0.4720,-1,-1,-1
90,-1,806.64,521.61,128.49,141.76,0.4376,-1,-1,-1
90,-1,395.61,348.76,81.55,54.07,0.3069,-1,-1,-1
90,-1,1208.04,316.95,71.84,197.47,0.3028,-1,-1,-1
91,-1,521.78,187.19,143.79,316.05,0.9138,-1,-1,-1
91,-1,834.97,345.09,80.42,155.92,0.9132,-1,-1,-1
91,-1,814.96,534.99,130.62,148.53,0.8759,-1,-1,-1
91,-1,1157.67,369.76,115.65,183.26,0.8697,-1,-1,-1
91,-1,672.44,275.10,122.61,234.76,0.8575,-1,-1,-1
91,-1,625.76,452.77,73.37,103.81,0.8259,-1,-1,-1
91,-1,780.95,396.92,74.56,114.73,0.7680,-1,-1,-1
91,-1,813.11,532.66,91.67,101.02,0.6273,-1,-1,-1
91,-1,940.61,529.95,74.14,98.06,0.4970,-1,-1,-1
91,-1,1230.73,388.11,48.69,214.73,0.4827,-1,-1,-1
91,-1,1216.07,327.39,63.93,199.56,0.4741,-1,-1,-1
91,-1,394.26,369.35,97.55,153.33,0.3472,-1,-1,-1
92,-1,543.64,201.12,147.94,314.25,0.9128,-1,-1,-1
92,-1,846.30,346.74,85.64,171.88,0.8749,-1,-1,-1
92,-1,1167.38,377.96,109.44,174.12,0.8684,-1,-1,-1
92,-1,696.01,297.84,121.51,232.14,0.8398,-1,-1,-1
92,-1,949.57,535.80,84.22,111.43,0.7746,-1,-1,-1
92,-1,826.68,542.00,95.44,95.26,0.7434,-1,-1,-1
92,-1,824.16,542.99,132.32,154.52,0.6997,-1,-1,-1
92,-1,628.95,474.35,76.39,115.49,0.5599,-1,-1,-1
92,-1,1240.88,419.64,38.93,164.58,0.4907,-1,-1,-1
92,-1,405.98,398.75,87.34,37.63,0.4112,-1,-1,-1
92,-1,1202.12,335.89,77.57,159.94,0.3452,-1,-1,-1
93,-1,1184.39,374.22,95.43,183.68,0.8923,-1,-1,-1
93,-1,867.68,349.28,94.10,167.51,0.8908,-1,-1,-1
93,-1,589.79,217.02,141.20,324.01,0.8552,-1,-1,-1
93,-1,847.95,541.76,91.80,92.68,0.8094,-1,-1,-1
93,-1,733.33,296.90,135.76,232.37,0.7611,-1,-1,-1
93,-1,553.89,473.71,58.39,59.45,0.4116,-1,-1,-1
93,-1,845.07,544.10,120.83,149.67,0.3546,-1,-1,-1
94,-1,889.04,361.42,96.74,157.39,0.8956,-1,-1,-1
94,-1,254.95,358.79,58.79,64.71,0.8824,-1,-1,-1
94,-1,1199.37,382.96,80.63,182.75,0.8738,-1,-1,-1
94,-1,767.79,294.56,141.69,237.67,0.8514,-1,-1,-1
94,-1,856.32,549.59,126.40,150.18,0.6333,-1,-1,-1
94,-1,623.22,217.86,153.79,299.89,0.5805,-1,-1,-1
94,-1,1000.62,534.03,88.21,109.54,0.3270,-1,-1,-1
94,-1,879.57,555.07,74.04,68.51,0.3097,-1,-1,-1
95,-1,684.70,401.80,110.80,109.24,0.8983,-1,-1,-1
95,-1,867.51,550.17,135.58,148.70,0.8737,-1,-1,-1
95,-1,920.88,364.33,85.31,156.00,0.8523,-1,-1,-1
95,-1,1216.47,398.21,63.53,163.91,0.8176,-1,-1,-1
95,-1,800.53,289.56,141.04,240.44,0.7693,-1,-1,-1
95,-1,1027.52,537.82,83.08,95.40,0.6830,-1,-1,-1
95,-1,0.00,368.57,78.39,132.70,0.5756,-1,-1,-1
96,-1,891.29,554.44,127.32,147.05,0.9060,-1,-1,-1
96,-1,942.99,367.03,80.48,153.04,0.8902,-1,-1,-1
96,-1,1230.73,396.45,49.17,166.66,0.8150,-1,-1,-1
96,-1,740.88,192.41,235.83,324.04,0.7809,-1,-1,-1
96,-1,1046.66,543.28,79.34,85.84,0.7702,-1,-1,-1
96,-1,448.82,391.96,84.04,54.17,0.6020,-1,-1,-1
96,-1,0.00,362.73,100.54,144.27,0.3722,-1,-1,-1
97,-1,905.82,546.47,129.01,144.37,0.9174,-1,-1,-1
97,-1,462.59,387.48,75.40,50.66,0.9171,-1,-1,-1
97,-1,801.62,186.68,196.53,341.50,0.9066,-1,-1,-1
97,-1,970.92,358.95,78.17,157.03,0.8674,-1,-1,-1
97,-1,739.00,404.57,119.14,99.24,0.8320,-1,-1,-1
97,-1,1073.55,548.92,75.34,71.70,0.4407,-1,-1,-1
97,-1,1248.98,379.00,31.02,192.85,0.4016,-1,-1,-1
97,-1,4.20,361.23,107.10,141.86,0.3582,-1,-1,-1
98,-1,840.65,185.32,179.00,339.04,0.8921,-1,-1,-1
98,-1,943.25,543.66,116.16,143.09,0.8867,-1,-1,-1
98,-1,994.23,357.10,80.46,154.06,0.8846,-1,-1,-1
98,-1,143.65,340.31,72.33,132.39,0.8072,-1,-1,-1
98,-1,480.29,386.49,85.68,52.10,0.8030,-1,-1,-1
98,-1,50.32,371.61,80.36,129.09,0.6480,-1,-1,-1
98,-1,713.93,202.30,109.02,76.56,0.4687,-1,-1,-1
99,-1,1025.73,371.41,81.65,143.89,0.9089,-1,-1,-1
99,-1,922.13,424.53,112.78,113.32,0.8364,-1,-1,-1
99,-1,825.72,405.94,102.51,77.74,0.8314,-1,-1,-1
99,-1,898.83,190.50,161.45,327.97,0.8230,-1,-1,-1
99,-1,194.52,336.56,78.47,77.77,0.7153,-1,-1,-1
99,-1,524.06,386.84,62.91,51.84,0.6371,-1,-1,-1
99,-1,109.35,366.92,54.16,82.93,0.4305,-1,-1,-1
99,-1,1010.13,539.74,85.30,157.15,0.3482,-1,-1,-1
100,-1,748.16,467.90,65.60,102.98,0.9045,-1,-1,-1
100,-1,798.40,197.97,145.79,109.95,0.7978,-1,-1,-1
100,-1,874.92,387.55,113.57,98.99,0.7859,-1,-1,-1
100,-1,1076.94,373.53,78.58,148.65,0.6383,-1,-1,-1
100,-1,968.75,425.92,116.02,115.08,0.5585,-1,-1,-1
100,-1,249.55,365.25,75.48,43.51,0.4377,-1,-1,-1
