1,-1,64.75,538.41,189.09,239.88,0.8988,-1,-1,-1
1,-1,450.56,411.99,165.48,255.31,0.8681,-1,-1,-1
1,-1,162.90,341.08,80.04,88.79,0.8554,-1,-1,-1
1,-1,876.10,300.24,150.49,228.07,0.8267,-1,-1,-1
1,-1,568.22,454.66,114.23,264.14,0.8178,-1,-1,-1
1,-1,163.64,65.70,194.17,355.39,0.8160,-1,-1,-1
1,-1,950.63,303.06,112.27,272.24,0.7862,-1,-1,-1
1,-1,209.67,207.43,148.65,220.13,0.6206,-1,-1,-1
1,-1,619.55,388.82,170.34,190.26,0.5565,-1,-1,-1
1,-1,262.88,665.10,134.25,214.78,0.5549,-1,-1,-1
1,-1,1183.06,201.76,493.84,803.70,0.5297,-1,-1,-1
1,-1,374.79,458.44,94.64,169.58,0.4870,-1,-1,-1
1,-1,1260.12,0.00,600.51,416.29,0.3623,-1,-1,-1
2,-1,64.26,540.00,186.67,239.67,0.8943,-1,-1,-1
2,-1,451.84,412.66,164.56,254.83,0.8687,-1,-1,-1
2,-1,161.34,341.59,81.89,92.13,0.8554,-1,-1,-1
2,-1,568.37,446.65,114.70,274.99,0.7974,-1,-1,-1
2,-1,875.72,301.33,150.59,229.53,0.7930,-1,-1,-1
2,-1,166.70,64.77,191.29,356.81,0.7901,-1,-1,-1
2,-1,948.76,302.93,115.03,271.66,0.7447,-1,-1,-1
2,-1,208.40,207.75,150.62,220.89,0.6927,-1,-1,-1
2,-1,620.05,389.10,168.09,190.28,0.6329,-1,-1,-1
2,-1,373.83,461.30,93.97,166.29,0.5445,-1,-1,-1
2,-1,1185.45,192.55,492.33,815.29,0.5174,-1,-1,-1
2,-1,261.99,659.82,134.66,220.88,0.4623,-1,-1,-1
2,-1,1257.85,0.00,602.04,411.44,0.3767,-1,-1,-1
3,-1,64.50,539.43,186.17,241.11,0.8994,-1,-1,-1
3,-1,452.54,413.28,164.37,254.06,0.8702,-1,-1,-1
3,-1,161.97,343.68,81.39,89.41,0.8568,-1,-1,-1
3,-1,876.16,303.73,155.35,226.23,0.7969,-1,-1,-1
3,-1,568.73,445.95,114.95,276.29,0.7945,-1,-1,-1
3,-1,209.51,209.57,150.02,219.37,0.7450,-1,-1,-1
3,-1,168.05,61.37,186.17,359.70,0.7315,-1,-1,-1
3,-1,948.65,302.90,115.66,273.64,0.7208,-1,-1,-1
3,-1,620.71,388.60,167.15,192.17,0.7068,-1,-1,-1
3,-1,1177.42,194.77,501.79,817.08,0.5162,-1,-1,-1
3,-1,251.58,616.13,144.36,264.21,0.5078,-1,-1,-1
3,-1,373.96,458.60,94.05,170.01,0.4836,-1,-1,-1
3,-1,1255.60,0.00,612.20,406.38,0.3529,-1,-1,-1
4,-1,64.19,539.71,187.07,240.69,0.9019,-1,-1,-1
4,-1,453.22,413.70,164.23,254.38,0.8655,-1,-1,-1
4,-1,163.32,343.34,80.25,91.03,0.8580,-1,-1,-1
4,-1,874.97,302.04,156.56,228.76,0.8009,-1,-1,-1
4,-1,569.07,449.89,114.64,272.09,0.7896,-1,-1,-1
4,-1,209.92,209.25,150.13,219.69,0.7505,-1,-1,-1
4,-1,166.51,62.81,185.16,355.92,0.7143,-1,-1,-1
4,-1,948.99,303.41,116.95,275.05,0.7097,-1,-1,-1
4,-1,621.07,387.77,166.24,192.54,0.6860,-1,-1,-1
4,-1,249.86,601.22,147.80,279.92,0.5919,-1,-1,-1
4,-1,1181.11,189.24,498.30,818.59,0.5569,-1,-1,-1
4,-1,374.67,460.89,93.23,170.18,0.4081,-1,-1,-1
4,-1,263.51,493.77,100.49,104.29,0.3995,-1,-1,-1
4,-1,1256.26,0.00,615.85,417.28,0.3518,-1,-1,-1
5,-1,63.22,539.30,189.10,239.87,0.8966,-1,-1,-1
5,-1,452.97,412.31,165.16,254.38,0.8683,-1,-1,-1
5,-1,162.96,342.69,81.36,89.46,0.8444,-1,-1,-1
5,-1,876.17,301.58,155.53,227.18,0.8035,-1,-1,-1
5,-1,569.04,436.80,115.39,285.03,0.7980,-1,-1,-1
5,-1,166.77,61.60,190.90,358.14,0.7590,-1,-1,-1
5,-1,951.27,303.43,114.28,273.22,0.7342,-1,-1,-1
5,-1,245.35,585.07,154.28,294.72,0.7075,-1,-1,-1
5,-1,211.60,210.39,148.55,217.47,0.6969,-1,-1,-1
5,-1,620.73,386.51,170.21,195.51,0.6448,-1,-1,-1
5,-1,1205.33,185.90,481.44,823.33,0.5538,-1,-1,-1
5,-1,262.38,492.84,103.04,104.83,0.4169,-1,-1,-1
5,-1,374.01,459.30,95.11,169.99,0.4122,-1,-1,-1
5,-1,1258.52,0.00,606.29,406.47,0.3240,-1,-1,-1
6,-1,64.45,539.28,188.58,240.45,0.8993,-1,-1,-1
6,-1,453.57,412.16,163.91,253.49,0.8634,-1,-1,-1
6,-1,164.39,338.02,79.92,96.79,0.8136,-1,-1,-1
6,-1,165.35,62.75,192.39,357.53,0.8021,-1,-1,-1
6,-1,568.98,437.84,115.42,284.43,0.8007,-1,-1,-1
6,-1,876.33,300.63,157.06,228.24,0.7980,-1,-1,-1
6,-1,951.80,302.15,113.33,274.54,0.7546,-1,-1,-1
6,-1,245.58,588.58,152.96,290.59,0.6771,-1,-1,-1
6,-1,624.38,389.11,163.91,192.61,0.6662,-1,-1,-1
6,-1,212.54,207.47,148.50,219.59,0.5994,-1,-1,-1
6,-1,1202.50,188.31,485.78,820.89,0.5407,-1,-1,-1
6,-1,374.32,461.19,95.79,167.17,0.4487,-1,-1,-1
6,-1,260.53,493.02,103.31,103.35,0.3580,-1,-1,-1
6,-1,1259.58,0.00,611.62,411.30,0.3168,-1,-1,-1
7,-1,64.55,539.32,189.93,239.99,0.8989,-1,-1,-1
7,-1,453.89,411.71,163.70,254.34,0.8659,-1,-1,-1
7,-1,164.85,339.88,81.26,91.13,0.8298,-1,-1,-1
7,-1,877.35,299.61,154.95,228.43,0.8148,-1,-1,-1
7,-1,164.96,58.62,201.89,363.02,0.8073,-1,-1,-1
7,-1,569.98,432.28,115.35,289.44,0.8043,-1,-1,-1
7,-1,952.79,302.02,111.96,274.95,0.7975,-1,-1,-1
7,-1,241.92,583.04,156.86,296.06,0.6911,-1,-1,-1
7,-1,625.78,388.50,160.05,193.57,0.6531,-1,-1,-1
7,-1,215.65,205.27,147.19,221.56,0.5638,-1,-1,-1
7,-1,1169.10,183.01,520.75,824.54,0.5376,-1,-1,-1
7,-1,376.09,459.26,93.91,171.42,0.4787,-1,-1,-1
7,-1,1263.71,0.00,599.95,408.83,0.3480,-1,-1,-1
8,-1,66.33,539.31,188.81,241.00,0.8980,-1,-1,-1
8,-1,454.67,412.68,163.03,252.88,0.8675,-1,-1,-1
8,-1,165.45,338.95,80.64,95.28,0.8462,-1,-1,-1
8,-1,570.43,434.30,115.31,288.41,0.8214,-1,-1,-1
8,-1,166.76,58.75,204.60,365.28,0.8163,-1,-1,-1
8,-1,877.85,299.91,156.20,228.54,0.7970,-1,-1,-1
8,-1,953.22,301.93,113.03,275.08,0.7946,-1,-1,-1
8,-1,244.35,581.78,155.48,299.22,0.7466,-1,-1,-1
8,-1,626.29,391.55,160.41,190.76,0.6139,-1,-1,-1
8,-1,1169.76,189.30,520.11,818.70,0.5483,-1,-1,-1
8,-1,375.45,462.62,94.28,167.28,0.4694,-1,-1,-1
8,-1,214.51,202.98,149.43,225.60,0.4479,-1,-1,-1
8,-1,1264.18,0.00,598.92,413.79,0.4074,-1,-1,-1
9,-1,66.53,539.54,190.28,240.99,0.8975,-1,-1,-1
9,-1,454.80,412.67,165.02,252.62,0.8633,-1,-1,-1
9,-1,570.80,439.34,115.24,283.54,0.7987,-1,-1,-1
9,-1,878.86,302.28,168.48,231.86,0.7982,-1,-1,-1
9,-1,167.83,59.47,206.58,363.89,0.7910,-1,-1,-1
9,-1,240.60,578.66,157.99,301.41,0.7866,-1,-1,-1
9,-1,166.46,337.04,81.87,96.85,0.7786,-1,-1,-1
9,-1,952.99,301.13,114.74,277.30,0.7396,-1,-1,-1
9,-1,626.50,392.12,160.61,189.25,0.6495,-1,-1,-1
9,-1,375.88,466.09,95.25,163.73,0.5423,-1,-1,-1
9,-1,1202.80,197.19,486.40,808.46,0.5253,-1,-1,-1
9,-1,1264.67,0.00,594.64,406.10,0.4924,-1,-1,-1
9,-1,215.07,205.49,149.29,222.06,0.4878,-1,-1,-1
9,-1,262.78,494.07,103.10,103.02,0.3176,-1,-1,-1
10,-1,67.14,539.66,190.36,240.51,0.8970,-1,-1,-1
10,-1,457.62,413.01,163.19,248.39,0.8636,-1,-1,-1
10,-1,571.52,441.13,115.37,281.45,0.8124,-1,-1,-1
10,-1,879.61,302.44,167.02,232.31,0.8003,-1,-1,-1
10,-1,166.91,333.14,82.25,103.86,0.7973,-1,-1,-1
10,-1,168.77,63.92,208.77,359.56,0.7730,-1,-1,-1
10,-1,951.51,302.59,117.14,275.88,0.6629,-1,-1,-1
10,-1,378.53,466.15,96.82,166.22,0.6427,-1,-1,-1
10,-1,1205.85,199.00,481.53,806.77,0.5380,-1,-1,-1
10,-1,216.47,207.20,148.58,220.12,0.5193,-1,-1,-1
10,-1,242.93,589.27,155.51,291.86,0.5073,-1,-1,-1
10,-1,1265.24,0.00,597.07,412.23,0.4698,-1,-1,-1
10,-1,264.77,492.14,102.63,105.39,0.4396,-1,-1,-1
10,-1,630.17,395.99,157.32,184.35,0.4347,-1,-1,-1
11,-1,69.16,538.05,188.75,241.55,0.8941,-1,-1,-1
11,-1,456.81,411.92,165.93,250.25,0.8614,-1,-1,-1
11,-1,168.45,331.48,82.35,103.61,0.8034,-1,-1,-1
11,-1,571.48,441.27,114.91,280.41,0.7857,-1,-1,-1
11,-1,881.32,301.91,165.21,235.42,0.7844,-1,-1,-1
11,-1,170.01,61.21,207.92,361.42,0.7732,-1,-1,-1
11,-1,951.05,300.17,116.07,277.25,0.6394,-1,-1,-1
11,-1,378.02,464.19,96.40,166.92,0.6359,-1,-1,-1
11,-1,217.78,206.24,148.48,221.30,0.5719,-1,-1,-1
11,-1,1264.58,0.00,603.16,407.02,0.5706,-1,-1,-1
11,-1,1203.04,204.30,486.55,800.17,0.5314,-1,-1,-1
11,-1,268.98,666.87,128.77,215.23,0.4916,-1,-1,-1
11,-1,629.49,392.50,160.78,192.86,0.4179,-1,-1,-1
12,-1,69.77,537.16,189.87,241.49,0.8998,-1,-1,-1
12,-1,456.38,410.17,167.84,251.42,0.8571,-1,-1,-1
12,-1,170.22,60.57,208.44,361.05,0.8239,-1,-1,-1
12,-1,571.77,438.97,114.40,282.22,0.7985,-1,-1,-1
12,-1,881.57,302.52,164.39,233.67,0.7807,-1,-1,-1
12,-1,168.29,331.86,82.15,101.43,0.7641,-1,-1,-1
12,-1,238.56,579.64,159.50,299.66,0.6977,-1,-1,-1
12,-1,950.92,300.22,117.96,275.87,0.6061,-1,-1,-1
12,-1,1266.83,0.00,601.90,415.36,0.6002,-1,-1,-1
12,-1,1202.87,200.99,490.13,798.97,0.5678,-1,-1,-1
12,-1,218.12,204.70,149.52,221.23,0.4960,-1,-1,-1
12,-1,377.46,464.07,97.48,166.28,0.4374,-1,-1,-1
12,-1,630.76,394.04,157.42,191.02,0.3387,-1,-1,-1
13,-1,69.27,537.33,188.36,241.75,0.8995,-1,-1,-1
13,-1,458.13,411.43,165.40,250.45,0.8570,-1,-1,-1
13,-1,169.33,61.79,209.38,360.40,0.8270,-1,-1,-1
13,-1,571.89,435.00,115.40,286.03,0.8123,-1,-1,-1
13,-1,881.38,302.65,165.47,234.31,0.7793,-1,-1,-1
13,-1,950.92,300.38,116.79,275.71,0.6262,-1,-1,-1
13,-1,168.07,327.75,82.36,106.01,0.6169,-1,-1,-1
13,-1,1208.33,199.29,478.74,803.26,0.5912,-1,-1,-1
13,-1,377.65,462.68,96.94,168.05,0.5755,-1,-1,-1
13,-1,267.80,667.57,132.09,214.23,0.5697,-1,-1,-1
13,-1,1266.27,0.00,603.83,412.87,0.5517,-1,-1,-1
13,-1,218.82,202.87,149.46,222.23,0.3991,-1,-1,-1
13,-1,630.30,393.54,157.21,191.21,0.3991,-1,-1,-1
14,-1,69.45,537.60,188.55,241.92,0.8975,-1,-1,-1
14,-1,458.49,411.91,165.52,250.83,0.8552,-1,-1,-1
14,-1,170.52,61.17,203.89,361.49,0.8019,-1,-1,-1
14,-1,571.56,448.44,114.88,272.69,0.7875,-1,-1,-1
14,-1,880.93,302.32,165.84,235.30,0.7725,-1,-1,-1
14,-1,167.26,333.69,82.68,100.88,0.7663,-1,-1,-1
14,-1,950.91,300.04,116.70,278.68,0.6373,-1,-1,-1
14,-1,1208.28,202.97,477.25,799.33,0.6040,-1,-1,-1
14,-1,377.77,463.87,97.52,167.47,0.5905,-1,-1,-1
14,-1,1266.18,0.00,604.09,417.31,0.5741,-1,-1,-1
14,-1,218.91,204.82,148.58,223.12,0.5534,-1,-1,-1
14,-1,270.10,668.87,126.73,213.75,0.4834,-1,-1,-1
14,-1,626.06,388.38,169.33,198.41,0.4280,-1,-1,-1
14,-1,265.37,492.32,101.55,104.32,0.3403,-1,-1,-1
15,-1,67.87,538.73,191.60,241.13,0.8876,-1,-1,-1
15,-1,459.01,413.70,163.70,249.60,0.8596,-1,-1,-1
15,-1,571.45,434.98,115.42,286.98,0.7908,-1,-1,-1
15,-1,166.79,331.19,82.63,103.26,0.7839,-1,-1,-1
15,-1,880.58,302.33,163.36,233.07,0.7571,-1,-1,-1
15,-1,169.35,63.20,210.55,358.22,0.7541,-1,-1,-1
15,-1,952.50,301.27,113.53,276.97,0.6937,-1,-1,-1
15,-1,218.15,207.51,148.11,219.41,0.6220,-1,-1,-1
15,-1,1265.19,0.00,594.11,398.85,0.6203,-1,-1,-1
15,-1,271.22,680.79,127.27,201.56,0.6168,-1,-1,-1
15,-1,378.10,465.07,96.57,166.92,0.5922,-1,-1,-1
15,-1,1202.85,202.85,482.93,797.88,0.5660,-1,-1,-1
15,-1,626.77,393.53,161.20,189.89,0.4859,-1,-1,-1
16,-1,69.18,539.24,188.31,240.71,0.8913,-1,-1,-1
16,-1,460.72,413.22,161.82,250.95,0.8589,-1,-1,-1
16,-1,571.00,437.07,115.19,285.06,0.7831,-1,-1,-1
16,-1,169.00,65.36,211.97,356.29,0.7618,-1,-1,-1
16,-1,879.79,302.45,163.40,233.67,0.7382,-1,-1,-1
16,-1,952.34,301.04,114.20,277.47,0.7266,-1,-1,-1
16,-1,167.29,330.98,81.91,104.37,0.6864,-1,-1,-1
16,-1,1266.70,0.00,594.65,404.16,0.6487,-1,-1,-1
16,-1,216.91,207.04,148.76,219.98,0.6412,-1,-1,-1
16,-1,1176.33,199.99,501.73,801.77,0.5944,-1,-1,-1
16,-1,270.93,680.45,126.64,202.59,0.5108,-1,-1,-1
16,-1,626.34,390.71,163.83,194.45,0.4473,-1,-1,-1
16,-1,377.15,464.05,97.66,167.55,0.3722,-1,-1,-1
17,-1,64.36,539.32,186.63,240.63,0.8823,-1,-1,-1
17,-1,454.19,413.37,167.66,255.14,0.8515,-1,-1,-1
17,-1,567.49,458.81,114.76,260.26,0.7981,-1,-1,-1
17,-1,162.37,341.94,83.28,91.05,0.7869,-1,-1,-1
17,-1,170.65,63.85,205.56,359.41,0.7476,-1,-1,-1
17,-1,879.31,306.14,153.34,222.78,0.7364,-1,-1,-1
17,-1,950.75,303.45,117.75,275.71,0.7255,-1,-1,-1
17,-1,213.25,204.96,151.83,222.99,0.6156,-1,-1,-1
17,-1,620.37,387.55,166.18,193.51,0.6094,-1,-1,-1
17,-1,1263.91,0.00,598.10,401.37,0.5940,-1,-1,-1
17,-1,1183.42,196.43,493.98,804.42,0.5906,-1,-1,-1
17,-1,245.60,608.83,143.75,271.89,0.5599,-1,-1,-1
17,-1,372.53,461.43,97.54,172.12,0.3355,-1,-1,-1
18,-1,63.69,539.89,186.12,242.99,0.8915,-1,-1,-1
18,-1,160.14,341.54,82.20,93.16,0.8537,-1,-1,-1
18,-1,454.73,414.70,165.79,254.78,0.8386,-1,-1,-1
18,-1,563.44,466.10,115.80,252.33,0.8185,-1,-1,-1
18,-1,267.40,679.64,123.15,201.81,0.8141,-1,-1,-1
18,-1,877.78,303.11,150.22,228.63,0.7859,-1,-1,-1
18,-1,210.03,210.12,149.52,217.78,0.7807,-1,-1,-1
18,-1,946.81,301.62,116.89,277.92,0.7213,-1,-1,-1
18,-1,167.69,67.39,186.80,349.77,0.6129,-1,-1,-1
18,-1,616.97,385.54,169.89,191.05,0.5875,-1,-1,-1
18,-1,1178.78,187.47,502.23,821.40,0.5745,-1,-1,-1
18,-1,259.40,494.96,101.94,103.49,0.5390,-1,-1,-1
18,-1,1263.28,0.00,595.27,403.61,0.4999,-1,-1,-1
19,-1,63.49,544.53,188.77,241.61,0.8906,-1,-1,-1
19,-1,455.93,412.48,162.09,258.29,0.8511,-1,-1,-1
19,-1,563.26,468.28,115.09,251.16,0.8411,-1,-1,-1
19,-1,269.66,684.37,120.33,199.70,0.8221,-1,-1,-1
19,-1,157.55,337.07,83.28,106.50,0.8111,-1,-1,-1
19,-1,876.83,305.37,147.10,228.05,0.7966,-1,-1,-1
19,-1,207.88,210.03,152.26,219.91,0.7751,-1,-1,-1
19,-1,944.36,306.31,118.58,274.11,0.6860,-1,-1,-1
19,-1,617.92,386.74,170.29,191.73,0.6171,-1,-1,-1
19,-1,1199.02,192.10,497.87,816.41,0.5209,-1,-1,-1
19,-1,164.75,72.26,195.88,349.04,0.5194,-1,-1,-1
19,-1,1256.16,0.00,605.66,414.15,0.4654,-1,-1,-1
19,-1,236.22,584.34,92.72,147.91,0.4046,-1,-1,-1
19,-1,262.14,499.23,98.83,99.46,0.3700,-1,-1,-1
20,-1,56.90,546.48,187.68,242.02,0.8631,-1,-1,-1
20,-1,558.86,472.24,117.51,247.08,0.8386,-1,-1,-1
20,-1,454.13,414.71,168.37,257.37,0.8306,-1,-1,-1
20,-1,872.75,304.42,145.44,228.74,0.8162,-1,-1,-1
20,-1,265.90,689.26,120.07,196.14,0.8122,-1,-1,-1
20,-1,610.03,385.63,178.64,196.25,0.7789,-1,-1,-1
20,-1,204.62,213.10,154.59,217.16,0.7737,-1,-1,-1
20,-1,943.48,305.54,118.94,276.93,0.7296,-1,-1,-1
20,-1,155.72,337.58,84.58,106.62,0.6725,-1,-1,-1
20,-1,158.91,70.46,206.69,352.05,0.6635,-1,-1,-1
20,-1,235.50,585.41,91.73,149.83,0.6359,-1,-1,-1
20,-1,1181.35,179.64,502.44,830.31,0.5579,-1,-1,-1
20,-1,260.79,501.34,98.60,96.79,0.3998,-1,-1,-1
20,-1,364.79,472.19,97.84,162.07,0.3979,-1,-1,-1
20,-1,1255.76,0.00,600.26,401.78,0.3225,-1,-1,-1
21,-1,53.12,547.49,186.42,242.08,0.8797,-1,-1,-1
21,-1,450.88,418.43,168.12,252.76,0.8521,-1,-1,-1
21,-1,555.96,467.38,117.60,253.66,0.8285,-1,-1,-1
21,-1,869.15,304.96,133.38,230.47,0.8100,-1,-1,-1
21,-1,199.26,214.24,155.66,216.56,0.7856,-1,-1,-1
21,-1,942.83,306.18,110.61,273.15,0.7635,-1,-1,-1
21,-1,607.59,383.27,181.69,205.73,0.7451,-1,-1,-1
21,-1,228.31,584.52,94.03,152.14,0.7276,-1,-1,-1
21,-1,258.05,684.60,120.74,202.47,0.7196,-1,-1,-1
21,-1,155.20,74.71,204.77,351.68,0.7025,-1,-1,-1
21,-1,1175.23,187.26,507.22,825.09,0.5687,-1,-1,-1
21,-1,1255.60,0.00,605.99,415.32,0.3278,-1,-1,-1
21,-1,360.58,474.69,100.54,162.54,0.3247,-1,-1,-1
22,-1,44.81,548.24,192.72,241.78,0.8651,-1,-1,-1
22,-1,193.94,217.96,155.44,216.55,0.8389,-1,-1,-1
22,-1,450.52,419.85,170.04,256.67,0.8034,-1,-1,-1
22,-1,596.13,381.60,192.62,205.81,0.7863,-1,-1,-1
22,-1,548.32,470.79,121.57,255.06,0.7712,-1,-1,-1
22,-1,867.57,313.26,125.19,224.84,0.7640,-1,-1,-1
22,-1,251.88,692.09,120.88,200.40,0.6367,-1,-1,-1
22,-1,904.70,313.24,147.27,265.66,0.6054,-1,-1,-1
22,-1,1188.16,187.41,475.20,829.35,0.5679,-1,-1,-1
22,-1,349.39,476.07,106.36,165.30,0.5332,-1,-1,-1
22,-1,1257.11,0.00,599.83,426.41,0.3477,-1,-1,-1
22,-1,158.01,77.24,186.55,344.52,0.3313,-1,-1,-1
23,-1,39.89,549.29,197.45,242.41,0.8765,-1,-1,-1
23,-1,441.25,418.06,171.20,256.67,0.8146,-1,-1,-1
23,-1,545.31,460.24,119.55,266.00,0.8055,-1,-1,-1
23,-1,238.90,687.38,125.07,207.06,0.7720,-1,-1,-1
23,-1,188.68,216.74,155.79,216.78,0.7514,-1,-1,-1
23,-1,348.05,475.73,101.90,163.90,0.7480,-1,-1,-1
23,-1,881.38,313.06,161.20,265.86,0.7413,-1,-1,-1
23,-1,598.84,389.51,180.86,197.32,0.6808,-1,-1,-1
23,-1,1179.82,180.82,482.58,842.82,0.5225,-1,-1,-1
23,-1,150.54,72.80,206.07,354.89,0.3765,-1,-1,-1
23,-1,213.52,586.06,98.21,157.19,0.3218,-1,-1,-1
23,-1,865.21,318.97,119.31,220.06,0.3177,-1,-1,-1
24,-1,31.07,552.57,203.89,242.40,0.8919,-1,-1,-1
24,-1,543.05,492.47,117.31,237.96,0.8510,-1,-1,-1
24,-1,432.40,418.04,171.35,262.91,0.8359,-1,-1,-1
24,-1,236.56,692.61,130.18,203.39,0.7973,-1,-1,-1
24,-1,855.53,309.49,144.92,235.16,0.7969,-1,-1,-1
24,-1,181.99,217.92,161.01,216.29,0.6722,-1,-1,-1
24,-1,911.35,318.93,131.10,273.37,0.6685,-1,-1,-1
24,-1,145.31,66.47,211.27,365.13,0.6544,-1,-1,-1
24,-1,1181.91,210.17,475.71,810.90,0.5828,-1,-1,-1
24,-1,343.44,475.06,100.68,166.46,0.5326,-1,-1,-1
24,-1,593.02,395.22,180.48,188.81,0.5102,-1,-1,-1
24,-1,1249.50,0.00,595.85,414.58,0.3591,-1,-1,-1
25,-1,26.24,554.66,197.51,242.15,0.8880,-1,-1,-1
25,-1,534.18,498.70,122.37,233.43,0.8543,-1,-1,-1
25,-1,428.12,419.64,177.24,253.36,0.8238,-1,-1,-1
25,-1,582.51,388.63,204.56,205.96,0.7316,-1,-1,-1
25,-1,851.36,315.21,142.39,228.27,0.7258,-1,-1,-1
25,-1,234.26,692.07,129.98,206.31,0.7122,-1,-1,-1
25,-1,135.63,73.38,216.98,359.02,0.7043,-1,-1,-1
25,-1,907.80,319.93,132.92,271.69,0.6712,-1,-1,-1
25,-1,1192.68,217.05,453.33,807.85,0.6536,-1,-1,-1
25,-1,175.09,215.83,162.54,219.54,0.6152,-1,-1,-1
25,-1,1243.49,0.00,600.13,411.38,0.4119,-1,-1,-1
25,-1,338.81,475.95,103.68,165.21,0.4029,-1,-1,-1
26,-1,21.40,554.60,198.53,243.58,0.8904,-1,-1,-1
26,-1,530.39,489.50,121.90,242.82,0.8549,-1,-1,-1
26,-1,415.99,424.01,181.32,250.20,0.8108,-1,-1,-1
26,-1,898.71,313.67,137.55,269.26,0.7486,-1,-1,-1
26,-1,167.83,224.64,159.99,216.59,0.7275,-1,-1,-1
26,-1,847.07,315.38,124.75,224.59,0.7021,-1,-1,-1
26,-1,1172.25,222.88,474.92,799.89,0.6759,-1,-1,-1
26,-1,577.63,384.55,201.02,214.69,0.6738,-1,-1,-1
26,-1,230.70,688.95,129.47,210.21,0.5448,-1,-1,-1
26,-1,131.02,79.43,220.34,355.50,0.5444,-1,-1,-1
26,-1,1232.96,0.00,576.06,411.73,0.4843,-1,-1,-1
26,-1,178.15,587.51,171.04,310.82,0.3319,-1,-1,-1
26,-1,331.18,474.54,108.87,168.15,0.3152,-1,-1,-1
27,-1,13.25,556.83,196.48,246.82,0.8994,-1,-1,-1
27,-1,841.61,313.96,162.87,229.72,0.7893,-1,-1,-1
27,-1,521.37,471.55,125.13,265.16,0.7755,-1,-1,-1
27,-1,405.69,424.71,180.44,256.45,0.7647,-1,-1,-1
27,-1,193.81,595.62,161.09,307.48,0.7362,-1,-1,-1
27,-1,160.10,223.52,157.78,219.34,0.6564,-1,-1,-1
27,-1,898.71,320.39,130.01,275.33,0.5327,-1,-1,-1
27,-1,1179.13,211.59,451.04,805.00,0.5072,-1,-1,-1
27,-1,118.59,79.53,220.25,357.57,0.4939,-1,-1,-1
27,-1,1230.24,0.00,566.05,407.04,0.4466,-1,-1,-1
27,-1,576.22,391.22,213.39,210.16,0.3583,-1,-1,-1
28,-1,11.71,564.79,189.69,249.18,0.8943,-1,-1,-1
28,-1,154.17,234.93,152.26,214.32,0.8626,-1,-1,-1
28,-1,835.38,313.33,152.69,231.14,0.8262,-1,-1,-1
28,-1,519.99,444.81,123.35,300.60,0.7703,-1,-1,-1
28,-1,408.17,426.18,162.20,262.39,0.7210,-1,-1,-1
28,-1,905.23,325.29,115.70,270.49,0.6675,-1,-1,-1
28,-1,1162.08,210.58,448.53,820.24,0.5469,-1,-1,-1
28,-1,216.06,517.26,101.60,92.46,0.5449,-1,-1,-1
28,-1,1227.67,0.48,570.29,407.94,0.4976,-1,-1,-1
28,-1,111.51,348.32,80.10,102.84,0.4974,-1,-1,-1
28,-1,209.33,657.97,137.90,251.87,0.4386,-1,-1,-1
29,-1,5.68,569.04,183.81,246.20,0.8984,-1,-1,-1
29,-1,144.96,239.61,157.45,215.00,0.8453,-1,-1,-1
29,-1,828.39,321.93,162.03,229.43,0.8388,-1,-1,-1
29,-1,174.10,611.89,162.51,313.27,0.6793,-1,-1,-1
29,-1,512.57,492.24,124.88,256.82,0.6650,-1,-1,-1
29,-1,399.59,436.80,168.99,262.77,0.6579,-1,-1,-1
29,-1,894.35,336.13,122.40,269.22,0.5516,-1,-1,-1
29,-1,552.21,402.56,203.50,190.93,0.5159,-1,-1,-1
29,-1,1153.59,170.72,441.79,855.44,0.4901,-1,-1,-1
29,-1,1212.13,4.74,587.69,366.70,0.4874,-1,-1,-1
30,-1,3.75,577.81,183.12,245.33,0.8852,-1,-1,-1
30,-1,388.16,439.60,167.56,268.76,0.8289,-1,-1,-1
30,-1,134.76,241.07,155.47,220.43,0.7976,-1,-1,-1
30,-1,823.56,331.45,141.09,226.54,0.7465,-1,-1,-1
30,-1,170.47,617.00,162.11,305.49,0.7228,-1,-1,-1
30,-1,889.65,339.44,118.87,270.71,0.7015,-1,-1,-1
30,-1,506.17,491.74,124.94,261.85,0.6814,-1,-1,-1
30,-1,1141.91,214.88,448.90,835.00,0.5491,-1,-1,-1
30,-1,1204.10,0.00,601.59,401.50,0.4722,-1,-1,-1
31,-1,3.68,587.69,173.79,249.37,0.8520,-1,-1,-1
31,-1,159.25,618.54,161.55,312.31,0.8264,-1,-1,-1
31,-1,881.34,348.24,122.29,270.88,0.7010,-1,-1,-1
31,-1,813.81,330.88,145.20,233.25,0.6949,-1,-1,-1
31,-1,381.92,433.51,169.59,278.54,0.6676,-1,-1,-1
31,-1,127.62,252.78,153.56,217.60,0.6538,-1,-1,-1
31,-1,498.50,483.97,125.10,281.41,0.6073,-1,-1,-1
31,-1,1136.85,218.34,443.91,843.73,0.5382,-1,-1,-1
31,-1,1199.50,0.00,608.34,413.73,0.3111,-1,-1,-1
32,-1,3.86,599.36,173.43,251.15,0.8717,-1,-1,-1
32,-1,376.58,467.88,157.31,252.30,0.8165,-1,-1,-1
32,-1,124.96,269.48,149.96,210.90,0.7960,-1,-1,-1
32,-1,810.85,339.62,151.93,229.92,0.7755,-1,-1,-1
32,-1,159.11,619.14,166.98,308.09,0.7088,-1,-1,-1
32,-1,497.07,465.36,127.59,306.32,0.6612,-1,-1,-1
32,-1,884.38,346.96,104.08,276.58,0.5780,-1,-1,-1
32,-1,1098.85,193.12,480.68,884.01,0.3925,-1,-1,-1
33,-1,4.00,610.96,171.51,246.34,0.8772,-1,-1,-1
33,-1,808.24,348.20,155.39,228.32,0.8186,-1,-1,-1
33,-1,374.75,469.75,163.33,259.49,0.7880,-1,-1,-1
33,-1,117.19,277.90,157.12,213.84,0.7868,-1,-1,-1
33,-1,497.73,496.73,122.64,281.10,0.6907,-1,-1,-1
33,-1,1099.15,257.12,468.11,813.72,0.4821,-1,-1,-1
33,-1,873.48,357.38,111.61,256.99,0.4703,-1,-1,-1
33,-1,183.46,721.67,138.32,230.12,0.4348,-1,-1,-1
34,-1,4.51,617.69,167.58,250.10,0.8725,-1,-1,-1
34,-1,115.20,289.16,157.33,212.37,0.7967,-1,-1,-1
34,-1,804.51,351.10,142.07,228.01,0.7635,-1,-1,-1
34,-1,369.91,474.78,170.16,263.93,0.7262,-1,-1,-1
34,-1,868.01,361.05,118.62,262.38,0.6757,-1,-1,-1
34,-1,494.20,503.05,125.96,283.24,0.6661,-1,-1,-1
34,-1,1101.71,243.86,450.51,811.37,0.5652,-1,-1,-1
34,-1,191.32,565.11,100.23,87.37,0.3929,-1,-1,-1
35,-1,3.04,628.79,158.90,241.51,0.8898,-1,-1,-1
35,-1,372.20,481.50,160.50,264.53,0.8298,-1,-1,-1
35,-1,109.33,297.61,157.22,207.46,0.7666,-1,-1,-1
35,-1,800.00,355.50,151.95,236.00,0.7488,-1,-1,-1
35,-1,490.11,522.00,126.86,271.73,0.6549,-1,-1,-1
35,-1,181.77,756.30,136.81,212.19,0.6007,-1,-1,-1
35,-1,1111.79,243.80,432.17,802.03,0.4474,-1,-1,-1
35,-1,857.66,364.57,128.36,262.28,0.4352,-1,-1,-1
35,-1,529.73,441.78,187.65,193.91,0.3818,-1,-1,-1
36,-1,0.92,636.24,156.02,245.50,0.8414,-1,-1,-1
36,-1,366.35,487.47,164.42,257.37,0.8312,-1,-1,-1
36,-1,793.80,360.72,149.02,233.82,0.8040,-1,-1,-1
36,-1,521.52,453.36,186.22,188.57,0.7885,-1,-1,-1
36,-1,101.36,304.26,158.38,213.65,0.7391,-1,-1,-1
36,-1,170.28,755.22,138.42,225.18,0.7174,-1,-1,-1
36,-1,859.46,372.31,122.45,269.88,0.6650,-1,-1,-1
36,-1,486.74,541.47,122.43,260.94,0.6430,-1,-1,-1
36,-1,1115.75,239.52,421.21,823.71,0.5108,-1,-1,-1
37,-1,476.59,547.74,124.43,255.33,0.8154,-1,-1,-1
37,-1,513.06,451.24,193.58,196.86,0.7717,-1,-1,-1
37,-1,337.89,496.31,201.76,257.05,0.7550,-1,-1,-1
37,-1,791.44,371.47,183.01,244.93,0.7018,-1,-1,-1
37,-1,86.72,316.15,167.54,198.50,0.6669,-1,-1,-1
37,-1,1116.84,225.84,409.07,846.34,0.5154,-1,-1,-1
37,-1,121.70,692.56,187.64,296.41,0.4097,-1,-1,-1
38,-1,499.25,458.54,192.52,186.90,0.8472,-1,-1,-1
38,-1,464.16,552.98,126.99,250.07,0.7889,-1,-1,-1
38,-1,305.08,492.18,230.53,260.99,0.7368,-1,-1,-1
38,-1,788.66,371.73,195.71,259.74,0.6870,-1,-1,-1
38,-1,70.25,660.31,224.67,323.92,0.5951,-1,-1,-1
38,-1,1085.81,268.96,449.16,802.38,0.4853,-1,-1,-1
38,-1,0.24,631.50,230.07,278.06,0.4287,-1,-1,-1
38,-1,62.44,286.89,184.68,228.38,0.4022,-1,-1,-1
39,-1,448.17,552.24,129.47,250.62,0.8192,-1,-1,-1
39,-1,491.89,454.97,193.51,190.37,0.8185,-1,-1,-1
39,-1,321.17,493.09,196.55,257.37,0.8144,-1,-1,-1
39,-1,790.82,370.02,171.13,273.03,0.7491,-1,-1,-1
39,-1,126.46,758.94,152.07,224.84,0.6620,-1,-1,-1
39,-1,0.42,636.12,196.36,251.57,0.6068,-1,-1,-1
39,-1,1077.90,282.69,460.51,789.89,0.4471,-1,-1,-1
40,-1,0.06,641.11,112.91,246.20,0.8685,-1,-1,-1
40,-1,320.05,489.40,177.31,261.51,0.8673,-1,-1,-1
40,-1,442.16,555.01,128.87,248.04,0.8527,-1,-1,-1
40,-1,54.08,301.28,166.15,215.75,0.8223,-1,-1,-1
40,-1,767.82,371.80,156.10,235.84,0.7563,-1,-1,-1
40,-1,838.36,376.21,108.25,272.88,0.7043,-1,-1,-1
40,-1,119.86,766.48,153.30,216.45,0.6802,-1,-1,-1
40,-1,490.35,459.81,183.55,183.07,0.5821,-1,-1,-1
40,-1,102.84,577.96,130.86,105.97,0.5382,-1,-1,-1
40,-1,1075.75,298.39,455.71,781.61,0.4816,-1,-1,-1
41,-1,438.84,560.57,129.81,245.58,0.8662,-1,-1,-1
41,-1,319.95,494.91,182.85,255.10,0.8444,-1,-1,-1
41,-1,763.55,373.59,167.41,238.14,0.7594,-1,-1,-1
41,-1,478.84,454.69,205.58,194.71,0.7246,-1,-1,-1
41,-1,826.27,380.00,127.10,273.59,0.6039,-1,-1,-1
41,-1,1043.97,312.14,487.32,767.86,0.5337,-1,-1,-1
41,-1,90.21,697.37,183.81,290.74,0.4735,-1,-1,-1
41,-1,0.00,632.92,139.89,268.95,0.4400,-1,-1,-1
42,-1,428.29,554.01,125.96,252.37,0.8365,-1,-1,-1
42,-1,0.54,636.64,249.67,357.28,0.7611,-1,-1,-1
42,-1,463.02,445.55,207.92,212.85,0.7353,-1,-1,-1
42,-1,272.72,507.21,234.22,252.43,0.6683,-1,-1,-1
42,-1,801.27,381.20,160.27,288.60,0.6093,-1,-1,-1
42,-1,1091.43,305.81,429.26,774.19,0.5117,-1,-1,-1
42,-1,749.06,372.29,172.08,245.32,0.4917,-1,-1,-1
43,-1,273.96,494.85,205.38,270.43,0.8514,-1,-1,-1
43,-1,409.76,552.92,129.38,256.85,0.8472,-1,-1,-1
43,-1,450.35,455.90,207.81,200.04,0.8031,-1,-1,-1
43,-1,737.25,375.97,171.40,243.34,0.6796,-1,-1,-1
43,-1,2.00,649.94,218.81,336.64,0.6394,-1,-1,-1
43,-1,801.83,382.62,142.79,281.92,0.6200,-1,-1,-1
43,-1,22.25,299.38,175.30,220.31,0.5053,-1,-1,-1
43,-1,1069.71,0.00,706.79,519.07,0.3150,-1,-1,-1
44,-1,280.41,498.11,176.01,268.03,0.8836,-1,-1,-1
44,-1,731.05,381.58,172.64,231.26,0.8649,-1,-1,-1
44,-1,455.99,461.67,186.68,196.92,0.8578,-1,-1,-1
44,-1,403.22,550.32,127.71,265.29,0.8530,-1,-1,-1
44,-1,76.78,780.52,142.87,216.36,0.7833,-1,-1,-1
44,-1,10.29,303.43,169.37,218.63,0.6894,-1,-1,-1
44,-1,812.38,392.01,112.68,274.27,0.5214,-1,-1,-1
44,-1,0.00,656.15,151.10,199.51,0.4741,-1,-1,-1
44,-1,1042.31,372.65,461.97,707.35,0.4444,-1,-1,-1
44,-1,1073.42,0.00,693.12,534.29,0.4081,-1,-1,-1
44,-1,73.88,570.23,116.76,119.80,0.3587,-1,-1,-1
45,-1,274.49,502.09,183.07,269.82,0.8900,-1,-1,-1
45,-1,399.55,542.25,131.41,281.42,0.8646,-1,-1,-1
45,-1,453.98,467.07,185.43,197.07,0.8489,-1,-1,-1
45,-1,731.58,386.55,148.41,230.76,0.8396,-1,-1,-1
45,-1,3.33,320.67,168.51,214.35,0.8075,-1,-1,-1
45,-1,808.43,390.21,110.36,279.21,0.7916,-1,-1,-1
45,-1,0.75,668.97,152.54,189.48,0.7589,-1,-1,-1
45,-1,74.57,779.73,140.03,223.74,0.7513,-1,-1,-1
45,-1,51.41,583.08,133.06,111.91,0.6554,-1,-1,-1
45,-1,1031.82,382.45,476.98,697.55,0.5858,-1,-1,-1
45,-1,1068.36,0.00,691.34,535.61,0.3951,-1,-1,-1
46,-1,3.38,329.44,168.41,210.23,0.8685,-1,-1,-1
46,-1,723.74,383.91,186.25,252.47,0.7694,-1,-1,-1
46,-1,264.64,502.12,200.22,283.08,0.7222,-1,-1,-1
46,-1,1045.95,442.34,464.64,637.66,0.4227,-1,-1,-1
46,-1,441.27,464.18,200.77,201.70,0.3364,-1,-1,-1
46,-1,794.35,394.74,125.74,296.42,0.3248,-1,-1,-1
47,-1,0.02,340.79,164.92,209.05,0.8428,-1,-1,-1
47,-1,255.26,506.94,197.55,276.01,0.7912,-1,-1,-1
47,-1,1059.74,461.37,437.54,618.63,0.7873,-1,-1,-1
47,-1,720.90,398.82,174.42,246.64,0.6791,-1,-1,-1
47,-1,385.29,569.75,132.12,265.98,0.6629,-1,-1,-1
47,-1,419.67,470.62,219.02,213.64,0.6387,-1,-1,-1
47,-1,788.67,411.35,136.82,279.93,0.5903,-1,-1,-1
47,-1,867.92,472.86,197.33,315.60,0.4934,-1,-1,-1
47,-1,0.02,685.89,172.00,314.86,0.4195,-1,-1,-1
48,-1,424.73,473.52,195.13,206.27,0.8577,-1,-1,-1
48,-1,1.33,343.87,148.48,215.07,0.8266,-1,-1,-1
48,-1,251.67,514.78,183.01,273.28,0.8235,-1,-1,-1
48,-1,787.96,416.46,122.61,277.88,0.7527,-1,-1,-1
48,-1,1056.95,469.23,445.89,610.77,0.7414,-1,-1,-1
48,-1,0.53,694.49,165.93,319.54,0.7398,-1,-1,-1
48,-1,714.56,403.27,163.69,238.65,0.7274,-1,-1,-1
48,-1,376.90,521.24,133.70,320.19,0.7158,-1,-1,-1
48,-1,870.91,485.09,222.12,314.02,0.3359,-1,-1,-1
49,-1,426.81,479.77,195.27,197.70,0.8633,-1,-1,-1
49,-1,792.51,414.12,112.36,289.31,0.8536,-1,-1,-1
49,-1,258.14,525.87,177.91,267.76,0.8001,-1,-1,-1
49,-1,392.81,632.33,116.98,211.11,0.7082,-1,-1,-1
49,-1,0.00,713.80,190.61,321.27,0.6347,-1,-1,-1
49,-1,1045.51,480.24,451.00,599.76,0.6222,-1,-1,-1
49,-1,713.97,426.53,128.87,223.47,0.6067,-1,-1,-1
49,-1,0.56,345.91,157.86,225.61,0.4787,-1,-1,-1
49,-1,1076.88,2.62,661.19,605.36,0.3455,-1,-1,-1
50,-1,382.72,518.47,130.80,337.69,0.7889,-1,-1,-1
50,-1,261.50,521.02,173.11,286.92,0.7889,-1,-1,-1
50,-1,788.89,424.48,119.91,275.42,0.6636,-1,-1,-1
50,-1,1.36,363.39,155.66,217.15,0.5895,-1,-1,-1
50,-1,703.65,426.43,169.19,240.85,0.4754,-1,-1,-1
50,-1,1077.69,34.21,599.09,992.37,0.4691,-1,-1,-1
50,-1,1044.65,487.09,447.19,592.91,0.4643,-1,-1,-1
50,-1,0.00,722.29,167.73,307.50,0.4161,-1,-1,-1
51,-1,260.90,540.32,172.39,269.32,0.8674,-1,-1,-1
51,-1,431.15,499.35,187.96,204.96,0.8553,-1,-1,-1
51,-1,793.84,442.16,111.67,267.95,0.8423,-1,-1,-1
51,-1,0.37,737.82,180.49,312.78,0.7815,-1,-1,-1
51,-1,385.01,524.39,128.56,336.47,0.7691,-1,-1,-1
51,-1,713.44,431.80,136.85,232.79,0.7423,-1,-1,-1
51,-1,1.22,382.14,152.72,211.19,0.6751,-1,-1,-1
51,-1,1049.23,503.38,447.90,576.62,0.4411,-1,-1,-1
51,-1,888.33,534.47,212.24,297.44,0.3557,-1,-1,-1
52,-1,256.73,547.58,177.70,273.25,0.8545,-1,-1,-1
52,-1,797.57,456.83,106.41,256.08,0.8240,-1,-1,-1
52,-1,720.65,434.59,139.21,235.55,0.8145,-1,-1,-1
52,-1,386.46,540.28,126.53,329.79,0.7822,-1,-1,-1
52,-1,0.00,740.90,188.56,325.06,0.7665,-1,-1,-1
52,-1,438.93,507.60,175.93,204.36,0.7275,-1,-1,-1
52,-1,1.31,387.35,155.04,218.15,0.6940,-1,-1,-1
52,-1,1082.44,8.55,645.21,1071.45,0.3565,-1,-1,-1
53,-1,710.77,427.77,152.75,244.08,0.8603,-1,-1,-1
53,-1,250.11,557.67,190.98,263.60,0.8596,-1,-1,-1
53,-1,795.69,463.06,105.35,252.96,0.8502,-1,-1,-1
53,-1,0.02,400.58,152.32,207.12,0.8117,-1,-1,-1
53,-1,386.86,621.94,120.85,248.34,0.7807,-1,-1,-1
53,-1,419.96,520.02,199.55,197.63,0.7217,-1,-1,-1
53,-1,0.00,740.07,182.20,329.78,0.6656,-1,-1,-1
53,-1,1073.39,8.38,617.16,1071.62,0.5660,-1,-1,-1
54,-1,250.57,565.75,179.16,258.27,0.8765,-1,-1,-1
54,-1,707.85,424.80,139.13,249.54,0.8671,-1,-1,-1
54,-1,791.91,461.21,101.37,255.14,0.8560,-1,-1,-1
54,-1,385.46,623.75,121.21,246.86,0.8484,-1,-1,-1
54,-1,53.77,856.78,141.83,210.73,0.8041,-1,-1,-1
54,-1,417.01,518.06,197.86,195.11,0.7833,-1,-1,-1
54,-1,0.62,403.64,143.76,207.54,0.7045,-1,-1,-1
54,-1,0.00,746.60,120.07,220.99,0.6447,-1,-1,-1
54,-1,1040.53,551.35,465.06,528.65,0.4423,-1,-1,-1
54,-1,1083.98,29.76,630.87,656.53,0.3508,-1,-1,-1
55,-1,250.57,563.91,177.45,260.79,0.8698,-1,-1,-1
55,-1,709.18,428.41,141.10,247.22,0.8472,-1,-1,-1
55,-1,793.87,457.95,100.95,258.91,0.8203,-1,-1,-1
55,-1,0.75,401.32,143.72,214.01,0.7771,-1,-1,-1
55,-1,385.41,621.41,120.90,245.64,0.7752,-1,-1,-1
55,-1,1045.74,567.34,458.16,512.66,0.7212,-1,-1,-1
55,-1,432.02,523.04,178.75,186.78,0.6744,-1,-1,-1
55,-1,0.00,747.70,183.38,316.49,0.6180,-1,-1,-1
55,-1,1082.86,44.52,643.12,678.54,0.4401,-1,-1,-1
56,-1,715.49,430.42,155.57,241.43,0.8381,-1,-1,-1
56,-1,1.06,397.62,144.00,215.84,0.8366,-1,-1,-1
56,-1,254.73,532.39,177.47,289.21,0.8069,-1,-1,-1
56,-1,797.33,458.68,106.71,258.28,0.7873,-1,-1,-1
56,-1,1051.29,573.03,460.32,506.97,0.6905,-1,-1,-1
56,-1,431.17,510.79,184.86,187.92,0.6654,-1,-1,-1
56,-1,387.86,634.95,121.23,225.25,0.6198,-1,-1,-1
56,-1,1080.51,57.39,607.40,653.71,0.6048,-1,-1,-1
56,-1,0.11,742.33,156.35,283.09,0.5149,-1,-1,-1
56,-1,908.36,596.99,246.15,257.59,0.4274,-1,-1,-1
57,-1,800.64,457.55,98.12,252.34,0.8807,-1,-1,-1
57,-1,250.21,554.92,182.60,263.61,0.8776,-1,-1,-1
57,-1,719.34,431.36,132.94,236.37,0.8386,-1,-1,-1
57,-1,432.18,507.63,182.71,192.80,0.8311,-1,-1,-1
57,-1,1.49,394.26,150.76,215.94,0.8158,-1,-1,-1
57,-1,388.84,631.07,117.13,228.04,0.8001,-1,-1,-1
57,-1,1041.76,579.67,480.08,500.33,0.7032,-1,-1,-1
57,-1,919.93,596.51,189.30,247.20,0.6705,-1,-1,-1
57,-1,0.58,733.73,129.04,217.53,0.4981,-1,-1,-1
57,-1,1112.78,68.55,607.33,668.98,0.4714,-1,-1,-1
57,-1,53.24,829.47,132.54,230.69,0.3046,-1,-1,-1
58,-1,1.50,390.80,151.87,214.11,0.8743,-1,-1,-1
58,-1,802.95,457.33,102.44,254.35,0.8716,-1,-1,-1
58,-1,249.34,542.66,185.38,273.86,0.8707,-1,-1,-1
58,-1,390.26,619.11,118.08,239.54,0.8662,-1,-1,-1
58,-1,722.30,431.66,140.61,236.57,0.8376,-1,-1,-1
58,-1,432.63,505.52,180.60,195.31,0.8202,-1,-1,-1
58,-1,919.22,592.52,185.61,251.18,0.6261,-1,-1,-1
58,-1,0.00,730.42,137.24,251.57,0.5708,-1,-1,-1
58,-1,1123.50,70.51,602.31,677.42,0.5564,-1,-1,-1
58,-1,1045.72,627.70,486.90,452.30,0.5081,-1,-1,-1
58,-1,52.38,821.75,154.94,235.42,0.3572,-1,-1,-1
59,-1,717.48,418.41,188.78,255.15,0.8186,-1,-1,-1
59,-1,235.03,549.04,249.91,276.77,0.7914,-1,-1,-1
59,-1,907.40,605.06,201.26,239.20,0.7595,-1,-1,-1
59,-1,416.79,492.63,221.70,219.01,0.7287,-1,-1,-1
59,-1,792.44,454.92,134.87,259.49,0.6122,-1,-1,-1
59,-1,387.98,604.97,137.24,248.27,0.4797,-1,-1,-1
59,-1,1067.88,611.58,511.02,468.42,0.3768,-1,-1,-1
59,-1,1123.45,87.27,591.94,706.18,0.3030,-1,-1,-1
60,-1,267.54,547.62,208.21,273.98,0.8575,-1,-1,-1
60,-1,922.90,606.60,201.29,228.32,0.8478,-1,-1,-1
60,-1,815.30,452.38,123.53,260.06,0.8322,-1,-1,-1
60,-1,445.52,496.14,202.17,211.37,0.8075,-1,-1,-1
60,-1,738.83,425.26,159.44,239.86,0.8014,-1,-1,-1
60,-1,1075.27,640.89,499.79,439.11,0.7539,-1,-1,-1
60,-1,0.00,709.57,131.94,261.27,0.7258,-1,-1,-1
60,-1,410.76,612.87,125.51,242.33,0.6395,-1,-1,-1
60,-1,8.52,420.29,189.55,307.87,0.6293,-1,-1,-1
60,-1,1154.95,82.11,623.30,709.47,0.6028,-1,-1,-1
60,-1,80.80,822.61,152.41,228.93,0.3410,-1,-1,-1
61,-1,274.50,555.73,189.28,261.55,0.8913,-1,-1,-1
61,-1,747.58,428.81,148.87,237.79,0.8382,-1,-1,-1
61,-1,824.30,443.84,113.50,266.53,0.8367,-1,-1,-1
61,-1,92.37,835.23,143.92,217.41,0.8175,-1,-1,-1
61,-1,3.46,409.00,181.21,205.64,0.6897,-1,-1,-1
61,-1,1159.42,81.63,620.35,731.07,0.6782,-1,-1,-1
61,-1,930.22,608.53,220.41,235.03,0.6775,-1,-1,-1
61,-1,1075.49,660.24,512.50,419.76,0.6700,-1,-1,-1
61,-1,0.00,720.01,134.37,249.20,0.6368,-1,-1,-1
61,-1,452.47,504.60,198.90,198.30,0.5670,-1,-1,-1
61,-1,420.25,616.44,118.40,237.44,0.4281,-1,-1,-1
62,-1,280.40,551.93,186.08,263.44,0.8679,-1,-1,-1
62,-1,479.12,504.57,163.40,195.94,0.8348,-1,-1,-1
62,-1,747.47,428.70,149.41,235.02,0.8174,-1,-1,-1
62,-1,96.51,831.83,142.78,208.50,0.8118,-1,-1,-1
62,-1,816.39,431.53,126.52,271.14,0.7507,-1,-1,-1
62,-1,0.14,717.41,80.54,246.14,0.7319,-1,-1,-1
62,-1,4.73,402.55,179.07,211.91,0.6890,-1,-1,-1
62,-1,1169.36,98.66,586.18,722.40,0.6488,-1,-1,-1
62,-1,1086.56,677.78,491.00,402.22,0.6424,-1,-1,-1
63,-1,283.00,552.12,181.88,255.12,0.8775,-1,-1,-1
63,-1,475.47,498.35,166.57,198.20,0.8663,-1,-1,-1
63,-1,99.95,831.20,131.74,200.07,0.8469,-1,-1,-1
63,-1,747.88,425.33,145.48,231.41,0.8205,-1,-1,-1
63,-1,821.49,422.09,119.71,292.14,0.8000,-1,-1,-1
63,-1,0.07,710.38,78.49,246.48,0.7955,-1,-1,-1
63,-1,4.64,400.08,181.98,214.30,0.6665,-1,-1,-1
63,-1,1164.55,125.37,599.92,712.92,0.6589,-1,-1,-1
63,-1,1086.22,686.06,528.01,393.94,0.5093,-1,-1,-1
63,-1,418.23,552.50,123.37,280.05,0.4003,-1,-1,-1
63,-1,56.03,716.43,124.56,208.47,0.3126,-1,-1,-1
64,-1,276.57,539.12,182.38,259.96,0.8382,-1,-1,-1
64,-1,100.76,815.18,141.07,204.65,0.8161,-1,-1,-1
64,-1,743.61,417.11,152.26,239.72,0.7590,-1,-1,-1
64,-1,0.09,705.99,81.60,244.32,0.7328,-1,-1,-1
64,-1,3.86,386.14,178.78,222.93,0.6947,-1,-1,-1
64,-1,818.38,412.83,126.35,292.02,0.6604,-1,-1,-1
64,-1,502.54,492.96,134.64,194.46,0.6393,-1,-1,-1
64,-1,1162.68,117.47,598.07,730.94,0.6249,-1,-1,-1
64,-1,1101.54,696.26,499.68,383.74,0.4831,-1,-1,-1
65,-1,747.09,409.23,167.05,241.16,0.8704,-1,-1,-1
65,-1,279.09,536.71,183.17,253.02,0.8565,-1,-1,-1
65,-1,824.88,413.44,120.69,291.61,0.7342,-1,-1,-1
65,-1,99.88,789.15,146.62,226.53,0.7105,-1,-1,-1
65,-1,1165.05,123.64,598.68,730.39,0.6608,-1,-1,-1
65,-1,0.00,696.94,105.98,250.08,0.6474,-1,-1,-1
65,-1,504.75,491.44,133.96,189.53,0.5898,-1,-1,-1
65,-1,3.28,385.11,180.10,221.70,0.5734,-1,-1,-1
65,-1,1091.80,703.89,539.19,372.94,0.4335,-1,-1,-1
65,-1,415.36,530.31,132.75,289.81,0.3943,-1,-1,-1
66,-1,751.72,406.41,172.44,241.05,0.8463,-1,-1,-1
66,-1,282.56,549.74,183.65,233.17,0.7326,-1,-1,-1
66,-1,0.00,676.24,167.86,253.77,0.7072,-1,-1,-1
66,-1,462.29,477.15,181.96,202.27,0.6747,-1,-1,-1
66,-1,829.68,425.96,120.56,272.80,0.5273,-1,-1,-1
66,-1,108.47,790.47,143.58,219.55,0.5136,-1,-1,-1
66,-1,1193.85,126.56,613.39,742.91,0.5009,-1,-1,-1
66,-1,427.43,594.57,117.17,218.91,0.3800,-1,-1,-1
66,-1,1099.90,715.51,522.49,360.03,0.3026,-1,-1,-1
67,-1,0.00,672.11,170.30,257.16,0.8540,-1,-1,-1
67,-1,756.55,406.09,173.14,238.03,0.8163,-1,-1,-1
67,-1,469.07,467.66,185.48,205.73,0.8146,-1,-1,-1
67,-1,435.65,578.13,115.05,234.18,0.7945,-1,-1,-1
67,-1,287.59,515.94,197.97,259.74,0.7810,-1,-1,-1
67,-1,118.48,788.85,150.86,213.77,0.7144,-1,-1,-1
67,-1,834.46,422.90,123.06,274.10,0.5466,-1,-1,-1
67,-1,1190.77,150.47,630.04,759.22,0.4007,-1,-1,-1
67,-1,1116.47,739.84,493.18,340.16,0.3395,-1,-1,-1
68,-1,124.15,793.28,149.01,207.60,0.8732,-1,-1,-1
68,-1,476.90,475.20,180.84,190.64,0.8693,-1,-1,-1
68,-1,765.62,397.56,161.19,236.39,0.8693,-1,-1,-1
68,-1,290.79,530.61,189.02,243.44,0.8483,-1,-1,-1
68,-1,438.60,596.17,113.47,213.83,0.8145,-1,-1,-1
68,-1,0.00,674.07,140.19,251.38,0.7374,-1,-1,-1
68,-1,12.08,377.97,184.70,217.92,0.5065,-1,-1,-1
68,-1,1196.07,149.26,633.30,763.28,0.4615,-1,-1,-1
68,-1,841.27,408.81,118.91,285.70,0.4451,-1,-1,-1
68,-1,1102.88,694.94,433.20,380.79,0.3622,-1,-1,-1
69,-1,468.80,467.57,205.58,199.98,0.8349,-1,-1,-1
69,-1,0.00,656.51,219.14,270.62,0.8258,-1,-1,-1
69,-1,288.16,516.58,221.08,256.16,0.8235,-1,-1,-1
69,-1,773.66,395.10,183.50,275.13,0.8192,-1,-1,-1
69,-1,445.00,578.73,114.90,226.22,0.7288,-1,-1,-1
69,-1,19.45,377.00,190.16,217.71,0.7092,-1,-1,-1
69,-1,1206.89,165.51,610.87,731.33,0.4292,-1,-1,-1
70,-1,0.00,664.16,226.17,261.25,0.8783,-1,-1,-1
70,-1,496.00,471.90,192.86,197.44,0.8524,-1,-1,-1
70,-1,786.71,398.39,186.15,267.87,0.8252,-1,-1,-1
70,-1,308.58,529.18,220.29,247.77,0.8015,-1,-1,-1
70,-1,460.49,580.96,117.32,224.36,0.7679,-1,-1,-1
70,-1,30.75,374.75,196.99,240.93,0.6054,-1,-1,-1
70,-1,1208.79,171.41,623.47,734.02,0.4167,-1,-1,-1
71,-1,0.65,675.76,143.53,245.79,0.8868,-1,-1,-1
71,-1,322.46,525.80,194.12,249.09,0.8781,-1,-1,-1
71,-1,502.08,469.09,192.43,200.85,0.8677,-1,-1,-1
71,-1,791.51,396.68,172.81,251.32,0.8559,-1,-1,-1
71,-1,472.05,579.72,110.04,224.39,0.8309,-1,-1,-1
71,-1,167.05,791.33,140.28,222.17,0.7305,-1,-1,-1
71,-1,1125.79,704.79,389.83,357.42,0.5078,-1,-1,-1
71,-1,1204.57,157.84,640.12,767.26,0.4130,-1,-1,-1
72,-1,0.38,669.80,154.58,244.91,0.8768,-1,-1,-1
72,-1,797.36,397.00,184.09,253.88,0.8367,-1,-1,-1
72,-1,333.04,529.55,186.93,238.98,0.8042,-1,-1,-1
72,-1,477.76,583.23,112.91,215.83,0.7980,-1,-1,-1
72,-1,503.23,464.39,191.77,198.25,0.7564,-1,-1,-1
72,-1,61.47,385.52,177.09,218.76,0.5978,-1,-1,-1
72,-1,1227.81,190.15,649.06,772.49,0.4250,-1,-1,-1
72,-1,970.76,602.77,202.00,235.20,0.3338,-1,-1,-1
72,-1,1139.56,712.56,366.62,351.86,0.3084,-1,-1,-1
73,-1,0.46,666.45,162.60,247.45,0.9096,-1,-1,-1
73,-1,338.15,523.53,199.01,242.63,0.8819,-1,-1,-1
73,-1,805.44,393.22,174.91,247.39,0.8544,-1,-1,-1
73,-1,489.68,581.79,109.04,216.53,0.8448,-1,-1,-1
73,-1,185.48,777.30,141.92,218.91,0.8321,-1,-1,-1
73,-1,509.31,454.34,202.13,208.32,0.8255,-1,-1,-1
73,-1,69.06,381.95,181.18,222.97,0.6445,-1,-1,-1
73,-1,984.92,628.80,183.00,205.07,0.4563,-1,-1,-1
73,-1,1234.17,184.86,648.29,772.16,0.4027,-1,-1,-1
74,-1,0.24,668.35,162.57,242.15,0.9205,-1,-1,-1
74,-1,343.34,515.61,190.23,251.60,0.8965,-1,-1,-1
74,-1,187.30,777.74,142.58,211.89,0.8919,-1,-1,-1
74,-1,811.14,387.75,172.30,243.19,0.8785,-1,-1,-1
74,-1,514.31,458.82,196.16,196.45,0.8646,-1,-1,-1
74,-1,494.88,573.29,108.85,222.35,0.8466,-1,-1,-1
74,-1,1233.69,182.59,658.24,781.88,0.5344,-1,-1,-1
74,-1,1160.11,689.90,356.78,377.91,0.5328,-1,-1,-1
74,-1,146.72,672.12,112.56,231.36,0.5117,-1,-1,-1
74,-1,78.57,376.96,172.37,227.18,0.5041,-1,-1,-1
74,-1,990.43,646.50,174.73,182.10,0.3558,-1,-1,-1
75,-1,0.09,661.55,152.76,242.61,0.9069,-1,-1,-1
75,-1,808.30,384.90,168.83,244.19,0.8861,-1,-1,-1
75,-1,339.13,513.68,190.03,247.14,0.8835,-1,-1,-1
75,-1,512.36,453.98,193.21,198.56,0.8798,-1,-1,-1
75,-1,490.45,565.02,106.56,224.12,0.8423,-1,-1,-1
75,-1,67.60,371.95,180.23,225.94,0.6445,-1,-1,-1
75,-1,1245.67,147.47,637.36,790.31,0.5348,-1,-1,-1
75,-1,174.59,764.36,143.40,223.17,0.4763,-1,-1,-1
76,-1,0.03,646.97,145.00,249.12,0.8892,-1,-1,-1
76,-1,511.13,445.91,184.31,205.26,0.8883,-1,-1,-1
76,-1,329.44,508.64,191.17,243.32,0.8504,-1,-1,-1
76,-1,797.38,379.77,175.08,252.82,0.8476,-1,-1,-1
76,-1,475.59,565.67,107.18,217.41,0.7989,-1,-1,-1
76,-1,1229.28,189.83,663.77,760.35,0.4855,-1,-1,-1
76,-1,856.24,381.53,165.87,292.17,0.4766,-1,-1,-1
76,-1,1138.48,705.31,374.72,359.47,0.4074,-1,-1,-1
76,-1,53.14,363.08,185.64,226.80,0.3470,-1,-1,-1
77,-1,487.01,444.83,195.37,205.84,0.8737,-1,-1,-1
77,-1,38.19,364.30,180.97,215.77,0.8661,-1,-1,-1
77,-1,782.63,380.21,201.54,268.62,0.8560,-1,-1,-1
77,-1,314.40,499.18,191.27,253.77,0.8404,-1,-1,-1
77,-1,455.17,565.32,111.09,219.16,0.8080,-1,-1,-1
77,-1,0.10,637.05,124.81,261.59,0.7863,-1,-1,-1
77,-1,1138.84,703.80,363.99,359.79,0.6364,-1,-1,-1
77,-1,1222.19,189.60,680.37,771.88,0.5047,-1,-1,-1
78,-1,465.30,442.20,200.60,208.33,0.8748,-1,-1,-1
78,-1,12.18,362.10,191.69,210.95,0.8600,-1,-1,-1
78,-1,768.23,386.78,197.92,261.67,0.7855,-1,-1,-1
78,-1,0.11,635.01,197.28,264.46,0.7750,-1,-1,-1
78,-1,1235.59,191.91,655.63,770.96,0.4656,-1,-1,-1
78,-1,284.06,516.67,215.51,241.66,0.4137,-1,-1,-1
78,-1,1120.11,716.81,381.22,345.32,0.4084,-1,-1,-1
78,-1,434.63,566.18,116.75,218.45,0.3308,-1,-1,-1
79,-1,87.39,779.35,155.22,220.65,0.9066,-1,-1,-1
79,-1,747.76,391.99,202.01,262.48,0.8601,-1,-1,-1
79,-1,0.89,368.82,171.46,209.59,0.8435,-1,-1,-1
79,-1,446.00,457.31,193.66,199.83,0.8259,-1,-1,-1
79,-1,265.80,503.66,192.53,260.75,0.8241,-1,-1,-1
79,-1,1.58,656.66,162.11,244.54,0.7823,-1,-1,-1
79,-1,1118.74,697.59,371.49,365.82,0.6053,-1,-1,-1
79,-1,409.51,564.87,116.81,232.45,0.5558,-1,-1,-1
79,-1,0.44,652.23,66.63,266.79,0.4594,-1,-1,-1
79,-1,1230.37,202.25,662.01,746.02,0.3747,-1,-1,-1
80,-1,90.93,772.53,151.85,223.65,0.9040,-1,-1,-1
80,-1,1.22,362.35,171.07,218.24,0.8843,-1,-1,-1
80,-1,751.48,395.73,173.11,250.61,0.8800,-1,-1,-1
80,-1,445.61,456.83,194.08,199.17,0.8793,-1,-1,-1
80,-1,275.82,500.07,184.95,263.94,0.8430,-1,-1,-1
80,-1,0.00,650.78,67.30,254.11,0.7593,-1,-1,-1
80,-1,1128.00,739.38,349.10,336.27,0.6151,-1,-1,-1
80,-1,416.75,584.72,114.39,212.10,0.4793,-1,-1,-1
80,-1,32.21,647.94,131.04,239.03,0.3238,-1,-1,-1
81,-1,87.18,766.86,143.42,219.51,0.9014,-1,-1,-1
81,-1,756.49,391.25,171.20,249.45,0.8901,-1,-1,-1
81,-1,1.49,342.47,176.34,226.33,0.8894,-1,-1,-1
81,-1,457.41,452.11,180.32,199.60,0.8814,-1,-1,-1
81,-1,279.56,500.35,178.92,255.75,0.8733,-1,-1,-1
81,-1,1135.56,699.90,344.37,371.43,0.8031,-1,-1,-1
81,-1,0.00,643.03,58.85,245.25,0.7505,-1,-1,-1
81,-1,413.09,561.35,116.24,228.85,0.6889,-1,-1,-1
81,-1,200.55,550.41,87.97,93.34,0.6035,-1,-1,-1
81,-1,1254.33,188.40,643.30,772.56,0.3817,-1,-1,-1
82,-1,446.65,447.98,185.01,197.04,0.8917,-1,-1,-1
82,-1,750.84,384.15,169.69,248.60,0.8916,-1,-1,-1
82,-1,0.13,332.95,168.64,223.58,0.8824,-1,-1,-1
82,-1,267.11,494.76,187.65,254.83,0.8594,-1,-1,-1
82,-1,1143.49,700.75,330.60,369.95,0.7782,-1,-1,-1
82,-1,0.00,634.09,144.16,246.25,0.7663,-1,-1,-1
82,-1,70.23,757.16,149.45,229.55,0.7247,-1,-1,-1
82,-1,401.13,567.98,121.81,215.53,0.6648,-1,-1,-1
82,-1,1309.97,157.37,581.36,780.80,0.4657,-1,-1,-1
83,-1,741.22,378.45,176.83,256.54,0.8897,-1,-1,-1
83,-1,437.14,446.88,182.09,194.91,0.8722,-1,-1,-1
83,-1,245.25,461.68,196.83,280.71,0.8623,-1,-1,-1
83,-1,0.22,326.91,155.18,214.70,0.8146,-1,-1,-1
83,-1,1131.25,708.89,353.49,359.35,0.7698,-1,-1,-1
83,-1,0.08,614.69,131.30,245.06,0.7643,-1,-1,-1
83,-1,388.55,559.89,120.25,214.02,0.5494,-1,-1,-1
83,-1,1304.87,140.22,586.73,801.62,0.5373,-1,-1,-1
83,-1,902.71,528.72,171.02,282.38,0.3031,-1,-1,-1
84,-1,726.95,373.34,173.59,255.10,0.8894,-1,-1,-1
84,-1,405.65,436.93,201.72,202.69,0.8487,-1,-1,-1
84,-1,0.58,315.31,131.81,223.47,0.8100,-1,-1,-1
84,-1,227.82,474.97,205.72,265.07,0.7881,-1,-1,-1
84,-1,1119.49,689.28,356.68,377.58,0.7621,-1,-1,-1
84,-1,370.53,560.65,121.72,215.67,0.5925,-1,-1,-1
84,-1,1269.21,130.25,620.23,796.87,0.4550,-1,-1,-1
85,-1,719.95,367.32,170.71,247.16,0.9052,-1,-1,-1
85,-1,428.77,433.20,161.57,189.84,0.8922,-1,-1,-1
85,-1,221.63,466.51,188.04,262.47,0.8607,-1,-1,-1
85,-1,4.03,731.41,160.98,225.68,0.8226,-1,-1,-1
85,-1,0.27,302.58,118.72,219.81,0.8215,-1,-1,-1
85,-1,1122.36,680.61,370.21,394.00,0.7928,-1,-1,-1
85,-1,360.11,550.21,123.32,216.83,0.7786,-1,-1,-1
85,-1,884.89,516.84,194.33,292.95,0.7700,-1,-1,-1
85,-1,0.00,602.73,84.70,245.86,0.5671,-1,-1,-1
85,-1,143.17,511.02,76.90,106.43,0.3054,-1,-1,-1
85,-1,1265.48,130.22,630.90,798.65,0.3042,-1,-1,-1
86,-1,714.83,359.46,175.89,249.58,0.9109,-1,-1,-1
86,-1,206.75,441.92,199.96,277.33,0.8412,-1,-1,-1
86,-1,123.47,498.44,87.13,103.96,0.7832,-1,-1,-1
86,-1,416.64,425.13,169.77,186.22,0.7825,-1,-1,-1
86,-1,1.01,288.64,111.39,218.48,0.7813,-1,-1,-1
86,-1,1.84,708.18,152.47,230.08,0.7662,-1,-1,-1
86,-1,879.02,504.60,194.19,281.13,0.7574,-1,-1,-1
86,-1,1126.83,674.94,374.41,401.13,0.5598,-1,-1,-1
86,-1,1311.16,79.07,586.93,830.60,0.5171,-1,-1,-1
86,-1,0.00,597.57,80.63,304.47,0.5098,-1,-1,-1
86,-1,351.35,532.74,123.21,221.51,0.4214,-1,-1,-1
87,-1,703.15,346.78,181.06,268.05,0.8742,-1,-1,-1
87,-1,195.13,425.34,200.09,281.40,0.7735,-1,-1,-1
87,-1,0.79,143.76,107.05,326.33,0.5373,-1,-1,-1
87,-1,868.67,488.82,204.95,290.40,0.4087,-1,-1,-1
87,-1,396.64,409.32,179.82,192.74,0.4076,-1,-1,-1
87,-1,0.00,540.94,105.23,389.29,0.3714,-1,-1,-1
87,-1,1330.38,98.71,561.81,787.76,0.3623,-1,-1,-1
88,-1,677.97,335.06,201.84,293.23,0.8891,-1,-1,-1
88,-1,157.60,408.65,219.45,285.90,0.7005,-1,-1,-1
88,-1,841.66,478.98,185.69,307.72,0.5899,-1,-1,-1
88,-1,1309.24,69.02,596.12,837.91,0.5792,-1,-1,-1
89,-1,654.85,335.26,191.35,278.81,0.9009,-1,-1,-1
89,-1,824.35,471.46,208.49,313.59,0.8166,-1,-1,-1
89,-1,114.09,424.54,228.49,274.03,0.5623,-1,-1,-1
89,-1,1267.35,77.13,625.47,813.62,0.5341,-1,-1,-1
89,-1,312.46,382.18,210.02,213.49,0.4940,-1,-1,-1
90,-1,644.25,332.59,187.52,260.17,0.8990,-1,-1,-1
90,-1,819.10,470.38,219.57,317.09,0.8598,-1,-1,-1
90,-1,98.70,407.81,238.58,291.04,0.8424,-1,-1,-1
90,-1,321.81,387.77,181.68,207.00,0.8415,-1,-1,-1
90,-1,1287.54,78.26,626.13,801.85,0.4773,-1,-1,-1
90,-1,1.32,462.86,89.97,114.41,0.3620,-1,-1,-1
91,-1,639.38,323.11,189.48,263.16,0.8906,-1,-1,-1
91,-1,321.61,391.69,172.40,189.74,0.8856,-1,-1,-1
91,-1,0.75,445.13,78.26,120.88,0.8833,-1,-1,-1
91,-1,87.51,411.56,215.93,276.81,0.8400,-1,-1,-1
91,-1,816.61,463.46,220.23,305.26,0.7684,-1,-1,-1
91,-1,1292.06,78.31,625.56,787.30,0.6582,-1,-1,-1
91,-1,241.55,521.14,132.38,210.09,0.3893,-1,-1,-1
92,-1,636.34,317.56,187.93,265.62,0.8928,-1,-1,-1
92,-1,313.76,372.54,185.59,206.19,0.8627,-1,-1,-1
92,-1,813.81,447.07,219.85,322.14,0.7702,-1,-1,-1
92,-1,91.61,408.71,205.21,272.71,0.7656,-1,-1,-1
92,-1,1319.50,53.90,600.50,797.65,0.4176,-1,-1,-1
92,-1,0.40,443.49,64.91,117.90,0.3776,-1,-1,-1
93,-1,623.74,316.10,194.99,281.32,0.8891,-1,-1,-1
93,-1,805.82,461.45,223.67,314.73,0.5716,-1,-1,-1
93,-1,1356.76,41.61,562.18,811.81,0.4317,-1,-1,-1
93,-1,290.46,373.59,204.76,210.41,0.3816,-1,-1,-1
94,-1,606.50,316.27,198.46,274.26,0.8971,-1,-1,-1
94,-1,791.40,458.01,221.90,310.54,0.8046,-1,-1,-1
94,-1,35.49,372.79,246.80,307.69,0.6532,-1,-1,-1
94,-1,1366.11,39.00,553.89,813.91,0.4333,-1,-1,-1
94,-1,1112.82,620.37,215.91,438.75,0.3547,-1,-1,-1
94,-1,252.69,370.79,230.37,209.76,0.3093,-1,-1,-1
95,-1,587.68,309.31,200.86,270.91,0.8945,-1,-1,-1
95,-1,772.14,455.85,227.67,305.74,0.8579,-1,-1,-1
95,-1,1.30,367.07,248.11,313.04,0.8162,-1,-1,-1
95,-1,234.61,371.82,225.72,202.97,0.8072,-1,-1,-1
95,-1,1368.73,4.89,551.27,876.92,0.4919,-1,-1,-1
96,-1,587.95,304.25,186.80,254.11,0.9010,-1,-1,-1
96,-1,777.46,443.14,223.45,310.29,0.8476,-1,-1,-1
96,-1,0.00,372.78,224.72,295.83,0.8284,-1,-1,-1
96,-1,237.24,366.00,214.82,197.86,0.8237,-1,-1,-1
96,-1,149.35,524.77,147.79,194.10,0.4273,-1,-1,-1
96,-1,785.66,779.36,289.19,259.28,0.3725,-1,-1,-1
97,-1,602.22,292.22,186.96,256.81,0.9043,-1,-1,-1
97,-1,792.39,431.75,220.97,309.95,0.8400,-1,-1,-1
97,-1,3.53,346.97,238.79,310.51,0.8307,-1,-1,-1
97,-1,255.50,352.18,212.16,203.47,0.8272,-1,-1,-1
98,-1,250.22,347.60,215.44,199.05,0.8870,-1,-1,-1
98,-1,601.88,276.78,195.81,269.50,0.8690,-1,-1,-1
98,-1,8.72,339.16,221.81,302.85,0.8529,-1,-1,-1
98,-1,796.25,421.07,218.68,315.02,0.8518,-1,-1,-1
98,-1,1216.78,584.65,412.41,485.74,0.4230,-1,-1,-1
98,-1,1393.49,3.49,526.51,803.40,0.3427,-1,-1,-1
99,-1,597.02,265.39,189.13,254.85,0.8938,-1,-1,-1
99,-1,0.92,315.53,229.66,314.92,0.8409,-1,-1,-1
99,-1,254.05,303.44,196.76,234.95,0.7852,-1,-1,-1
99,-1,795.51,392.89,221.28,324.60,0.6911,-1,-1,-1
100,-1,604.91,260.94,189.76,256.18,0.9010,-1,-1,-1
100,-1,0.11,317.83,232.81,307.90,0.8564,-1,-1,-1
100,-1,257.50,308.24,200.82,223.65,0.8367,-1,-1,-1
100,-1,802.52,388.31,225.46,327.37,0.7248,-1,-1,-1
100,-1,1460.32,17.71,459.68,760.71,0.5108,-1,-1,-1
101,-1,601.41,256.88,194.80,260.82,0.8937,-1,-1,-1
101,-1,803.82,388.92,224.25,318.20,0.8104,-1,-1,-1
101,-1,250.06,314.51,199.85,216.62,0.7724,-1,-1,-1
101,-1,10.37,306.67,217.62,320.58,0.6032,-1,-1,-1
101,-1,1481.97,12.04,438.03,774.90,0.5278,-1,-1,-1
101,-1,1221.93,564.83,575.11,503.62,0.4479,-1,-1,-1
102,-1,596.88,248.78,191.90,264.67,0.9122,-1,-1,-1
102,-1,805.53,384.32,222.66,331.06,0.8174,-1,-1,-1
102,-1,233.40,283.20,217.45,247.79,0.7603,-1,-1,-1
102,-1,18.97,312.43,202.41,309.92,0.4985,-1,-1,-1
102,-1,1230.67,572.98,548.48,495.60,0.4036,-1,-1,-1
102,-1,1517.87,10.28,402.13,781.34,0.3475,-1,-1,-1
103,-1,589.31,247.62,195.82,264.10,0.9062,-1,-1,-1
103,-1,217.46,299.33,217.58,229.61,0.7724,-1,-1,-1
103,-1,794.33,381.64,226.11,344.49,0.7249,-1,-1,-1
103,-1,6.09,324.15,212.37,297.05,0.5484,-1,-1,-1
103,-1,1295.57,571.44,539.41,500.21,0.3361,-1,-1,-1
104,-1,587.69,242.61,196.33,269.63,0.8763,-1,-1,-1
104,-1,221.90,292.71,197.31,226.56,0.8551,-1,-1,-1
104,-1,797.72,386.85,231.54,340.42,0.6320,-1,-1,-1
104,-1,1235.18,556.93,632.66,513.66,0.5097,-1,-1,-1
104,-1,10.00,321.26,222.15,309.51,0.4824,-1,-1,-1
104,-1,1513.89,0.00,404.09,698.37,0.3366,-1,-1,-1
104,-1,0.06,348.86,41.19,262.37,0.3071,-1,-1,-1
105,-1,586.97,238.06,197.58,268.93,0.8992,-1,-1,-1
105,-1,797.21,378.44,239.11,341.39,0.8242,-1,-1,-1
105,-1,220.67,289.70,203.34,232.45,0.7472,-1,-1,-1
105,-1,8.82,325.66,222.48,332.69,0.5453,-1,-1,-1
105,-1,0.28,363.83,49.02,246.74,0.3481,-1,-1,-1
105,-1,1294.77,530.93,619.22,538.79,0.3428,-1,-1,-1
105,-1,1590.96,0.00,326.11,735.93,0.3083,-1,-1,-1
106,-1,596.25,237.56,203.30,276.66,0.8930,-1,-1,-1
106,-1,229.23,295.99,198.30,221.00,0.8238,-1,-1,-1
106,-1,807.95,374.06,247.00,353.11,0.8201,-1,-1,-1
106,-1,13.14,314.55,215.54,344.99,0.5481,-1,-1,-1
106,-1,0.20,337.95,51.20,273.98,0.3679,-1,-1,-1
107,-1,602.38,237.68,197.79,273.47,0.8925,-1,-1,-1
107,-1,819.28,378.10,246.98,351.91,0.8433,-1,-1,-1
107,-1,232.02,296.29,200.06,220.34,0.8401,-1,-1,-1
107,-1,13.55,326.21,209.00,325.02,0.5882,-1,-1,-1
107,-1,1326.68,543.91,463.80,526.96,0.4097,-1,-1,-1
107,-1,108.31,435.09,152.83,237.56,0.3588,-1,-1,-1
107,-1,0.29,336.66,50.83,276.78,0.3055,-1,-1,-1
108,-1,605.55,238.76,198.32,271.72,0.8956,-1,-1,-1
108,-1,232.37,298.72,197.96,216.79,0.8353,-1,-1,-1
108,-1,827.38,380.73,248.58,383.62,0.7777,-1,-1,-1
108,-1,113.88,473.89,147.57,199.79,0.6021,-1,-1,-1
108,-1,18.19,322.50,205.37,334.86,0.5938,-1,-1,-1
108,-1,1321.26,556.84,488.84,515.41,0.4519,-1,-1,-1
108,-1,0.42,351.71,48.98,270.06,0.3711,-1,-1,-1
108,-1,680.01,235.83,150.14,327.12,0.3650,-1,-1,-1
109,-1,610.44,238.84,196.92,271.81,0.9034,-1,-1,-1
109,-1,234.24,300.49,201.67,222.25,0.7902,-1,-1,-1
109,-1,837.65,380.79,239.49,354.30,0.6845,-1,-1,-1
109,-1,15.41,326.93,199.72,314.19,0.6643,-1,-1,-1
109,-1,1349.35,564.76,424.76,508.20,0.6323,-1,-1,-1
109,-1,706.32,380.02,125.74,200.30,0.5841,-1,-1,-1
109,-1,115.83,471.85,147.20,209.27,0.5820,-1,-1,-1
109,-1,1712.72,577.52,207.28,493.71,0.3789,-1,-1,-1
109,-1,0.63,346.57,49.94,277.67,0.3066,-1,-1,-1
110,-1,611.34,243.19,198.24,275.29,0.8933,-1,-1,-1
110,-1,843.07,390.93,248.68,364.94,0.8069,-1,-1,-1
110,-1,239.06,310.37,198.90,224.62,0.7477,-1,-1,-1
110,-1,1372.38,569.38,471.35,507.11,0.6180,-1,-1,-1
110,-1,113.55,480.85,148.61,213.34,0.5089,-1,-1,-1
111,-1,613.68,247.24,199.37,275.55,0.8879,-1,-1,-1
111,-1,844.19,389.74,250.26,369.58,0.8358,-1,-1,-1
111,-1,239.65,319.70,196.54,221.22,0.8337,-1,-1,-1
111,-1,1394.26,567.90,514.98,507.46,0.5560,-1,-1,-1
111,-1,695.02,252.54,144.81,341.07,0.4809,-1,-1,-1
111,-1,111.40,497.57,147.75,202.47,0.4518,-1,-1,-1
111,-1,16.89,334.10,185.57,315.86,0.4010,-1,-1,-1
111,-1,0.00,374.74,40.97,265.03,0.3666,-1,-1,-1
112,-1,609.39,256.76,206.12,280.63,0.8840,-1,-1,-1
112,-1,842.74,405.38,252.25,394.02,0.8464,-1,-1,-1
112,-1,229.62,318.79,201.92,235.50,0.7946,-1,-1,-1
112,-1,689.16,258.28,154.69,336.78,0.5101,-1,-1,-1
112,-1,1419.41,583.79,387.13,486.32,0.4183,-1,-1,-1
112,-1,1.66,335.93,194.42,331.59,0.3680,-1,-1,-1
113,-1,600.66,264.06,210.65,285.66,0.9028,-1,-1,-1
113,-1,212.65,325.81,204.38,239.01,0.8368,-1,-1,-1
113,-1,836.13,413.19,254.79,375.30,0.7161,-1,-1,-1
113,-1,0.77,309.81,220.83,381.10,0.5325,-1,-1,-1
113,-1,1435.87,579.37,441.96,485.58,0.4899,-1,-1,-1
113,-1,699.53,391.71,142.50,223.81,0.3022,-1,-1,-1
114,-1,592.31,272.82,221.48,299.03,0.8531,-1,-1,-1
114,-1,196.36,322.28,219.86,249.57,0.8187,-1,-1,-1
114,-1,830.27,431.67,257.60,380.56,0.6204,-1,-1,-1
114,-1,1441.54,643.94,450.98,434.60,0.5779,-1,-1,-1
114,-1,0.25,335.00,165.77,352.25,0.5327,-1,-1,-1
115,-1,190.66,340.05,212.62,240.80,0.8726,-1,-1,-1
115,-1,587.86,282.78,214.56,291.08,0.8719,-1,-1,-1
115,-1,829.52,439.58,255.48,379.61,0.7679,-1,-1,-1
115,-1,0.56,347.53,164.94,374.78,0.6659,-1,-1,-1
115,-1,1466.87,649.01,418.36,428.30,0.5484,-1,-1,-1
115,-1,50.76,520.25,159.66,225.02,0.4094,-1,-1,-1
116,-1,584.27,289.22,208.33,288.43,0.8310,-1,-1,-1
116,-1,183.10,368.42,210.58,214.33,0.8305,-1,-1,-1
116,-1,669.34,286.86,156.21,356.85,0.7563,-1,-1,-1
116,-1,833.83,449.79,256.72,402.28,0.6866,-1,-1,-1
116,-1,0.00,357.11,153.84,396.52,0.6643,-1,-1,-1
116,-1,1483.46,671.22,421.49,400.57,0.6132,-1,-1,-1
117,-1,179.05,372.84,211.81,224.64,0.8662,-1,-1,-1
117,-1,581.23,296.20,219.81,301.49,0.8613,-1,-1,-1
117,-1,831.20,454.56,257.04,385.19,0.6837,-1,-1,-1
117,-1,1476.83,686.01,443.17,384.07,0.6566,-1,-1,-1
117,-1,0.07,363.59,143.43,395.89,0.5908,-1,-1,-1
117,-1,668.86,291.67,160.31,360.38,0.5629,-1,-1,-1
118,-1,573.81,307.17,219.72,294.87,0.8989,-1,-1,-1
118,-1,166.68,393.84,221.64,214.48,0.8679,-1,-1,-1
118,-1,406.67,374.13,132.53,197.40,0.6185,-1,-1,-1
118,-1,828.02,448.08,266.63,399.38,0.6040,-1,-1,-1
118,-1,0.64,362.29,162.66,413.01,0.5718,-1,-1,-1
118,-1,1475.16,704.02,444.84,373.74,0.4954,-1,-1,-1
119,-1,154.41,375.52,228.99,250.61,0.8341,-1,-1,-1
119,-1,567.97,314.75,231.44,307.87,0.8048,-1,-1,-1
119,-1,823.92,477.23,266.46,391.74,0.6504,-1,-1,-1
119,-1,0.03,362.57,139.90,422.82,0.6050,-1,-1,-1
119,-1,1474.01,733.32,445.99,344.96,0.4391,-1,-1,-1
120,-1,132.17,365.23,247.62,269.35,0.8451,-1,-1,-1
120,-1,560.33,322.83,213.59,297.05,0.8448,-1,-1,-1
120,-1,815.94,481.40,269.60,394.30,0.8013,-1,-1,-1
120,-1,0.04,381.52,117.26,413.15,0.4770,-1,-1,-1
120,-1,639.83,318.83,170.84,367.79,0.4287,-1,-1,-1
120,-1,1476.24,708.49,443.76,370.72,0.3834,-1,-1,-1
121,-1,551.23,329.41,225.56,303.64,0.8921,-1,-1,-1
121,-1,123.13,360.75,228.74,274.97,0.8786,-1,-1,-1
121,-1,807.88,485.32,278.27,403.27,0.8188,-1,-1,-1
121,-1,1522.28,711.81,387.08,366.15,0.4172,-1,-1,-1
122,-1,539.41,326.35,241.47,315.71,0.8761,-1,-1,-1
122,-1,801.79,484.18,281.16,389.69,0.8198,-1,-1,-1
122,-1,104.88,354.69,242.72,276.49,0.8047,-1,-1,-1
122,-1,1503.86,746.21,413.39,333.79,0.6191,-1,-1,-1
123,-1,90.15,377.06,238.93,233.52,0.8761,-1,-1,-1
123,-1,531.19,319.27,245.69,332.71,0.8704,-1,-1,-1
123,-1,795.35,476.87,282.30,402.78,0.8326,-1,-1,-1
123,-1,341.85,387.09,145.32,191.47,0.5979,-1,-1,-1
124,-1,80.49,358.36,240.15,242.47,0.8634,-1,-1,-1
124,-1,527.26,301.89,247.88,333.62,0.8448,-1,-1,-1
124,-1,335.72,374.72,143.45,187.38,0.7991,-1,-1,-1
124,-1,793.47,468.75,287.07,408.60,0.7945,-1,-1,-1
124,-1,0.00,331.39,113.03,425.06,0.4092,-1,-1,-1
125,-1,75.38,358.70,259.68,237.60,0.8688,-1,-1,-1
125,-1,535.13,299.46,240.25,329.16,0.8511,-1,-1,-1
125,-1,337.46,367.83,151.86,193.65,0.8166,-1,-1,-1
125,-1,811.27,466.79,282.89,374.40,0.7964,-1,-1,-1
126,-1,555.81,298.19,239.91,322.52,0.8558,-1,-1,-1
126,-1,100.89,341.25,253.77,259.86,0.8355,-1,-1,-1
126,-1,841.54,467.25,277.62,374.68,0.8247,-1,-1,-1
126,-1,356.92,369.73,150.27,201.24,0.5908,-1,-1,-1
127,-1,567.59,293.47,236.57,315.52,0.8802,-1,-1,-1
127,-1,125.46,365.97,236.21,243.83,0.8546,-1,-1,-1
127,-1,843.80,463.92,291.90,410.03,0.7803,-1,-1,-1
127,-1,371.33,372.53,148.32,201.53,0.5965,-1,-1,-1
127,-1,1659.37,738.24,260.63,341.76,0.3745,-1,-1,-1
127,-1,0.00,326.90,143.63,457.54,0.3628,-1,-1,-1
128,-1,97.04,346.04,257.43,273.63,0.8593,-1,-1,-1
128,-1,555.80,294.88,243.01,330.35,0.8475,-1,-1,-1
128,-1,838.84,463.15,291.57,432.38,0.8466,-1,-1,-1
128,-1,354.49,365.68,160.86,206.34,0.6171,-1,-1,-1
128,-1,1675.72,735.56,244.28,344.44,0.4215,-1,-1,-1
128,-1,0.23,392.86,126.16,409.54,0.4128,-1,-1,-1
129,-1,87.54,358.57,249.03,265.47,0.8769,-1,-1,-1
129,-1,340.15,376.49,160.34,197.46,0.8579,-1,-1,-1
129,-1,548.67,301.88,229.23,313.37,0.8474,-1,-1,-1
129,-1,835.97,458.06,292.07,455.53,0.8324,-1,-1,-1
129,-1,0.22,447.07,106.48,343.21,0.4672,-1,-1,-1
129,-1,1696.85,737.07,223.15,342.93,0.3629,-1,-1,-1
130,-1,544.61,305.35,224.24,311.90,0.8917,-1,-1,-1
130,-1,331.46,377.10,162.76,211.08,0.8786,-1,-1,-1
130,-1,71.95,361.23,257.69,269.51,0.8701,-1,-1,-1
130,-1,826.96,471.32,304.67,430.46,0.8422,-1,-1,-1
130,-1,623.34,318.64,178.06,370.20,0.4230,-1,-1,-1
130,-1,0.33,383.83,99.16,403.51,0.4207,-1,-1,-1
131,-1,542.96,307.76,229.58,320.17,0.8632,-1,-1,-1
131,-1,830.06,474.63,305.97,454.02,0.8558,-1,-1,-1
131,-1,70.56,374.56,256.69,266.33,0.8530,-1,-1,-1
131,-1,325.30,377.54,162.83,219.39,0.7894,-1,-1,-1
131,-1,0.13,333.51,96.82,419.84,0.3443,-1,-1,-1
132,-1,542.04,312.77,229.86,317.67,0.8853,-1,-1,-1
132,-1,834.87,476.38,308.44,440.36,0.8321,-1,-1,-1
132,-1,55.81,387.92,267.34,257.64,0.7729,-1,-1,-1
132,-1,0.00,325.60,92.08,429.13,0.6234,-1,-1,-1
132,-1,319.86,385.47,164.73,201.22,0.5772,-1,-1,-1
133,-1,540.66,317.45,234.81,320.78,0.8840,-1,-1,-1
133,-1,834.47,491.00,316.33,399.99,0.8343,-1,-1,-1
133,-1,56.47,372.96,261.55,271.71,0.8000,-1,-1,-1
133,-1,0.00,333.75,87.71,418.36,0.7402,-1,-1,-1
134,-1,551.27,321.00,243.94,340.24,0.8641,-1,-1,-1
134,-1,66.10,404.21,258.90,236.04,0.8516,-1,-1,-1
134,-1,853.78,486.70,318.85,408.16,0.6542,-1,-1,-1
134,-1,325.95,397.37,156.72,262.19,0.3601,-1,-1,-1
134,-1,0.00,382.36,78.39,416.73,0.3194,-1,-1,-1
135,-1,87.56,406.12,259.89,248.60,0.8729,-1,-1,-1
135,-1,571.39,325.24,249.88,337.61,0.8718,-1,-1,-1
135,-1,870.99,508.92,337.07,435.60,0.7188,-1,-1,-1
135,-1,0.01,465.40,110.30,421.56,0.5055,-1,-1,-1
136,-1,86.74,419.29,261.20,241.68,0.9011,-1,-1,-1
136,-1,574.38,325.08,252.20,342.60,0.8581,-1,-1,-1
136,-1,877.63,493.01,336.56,425.88,0.7069,-1,-1,-1
136,-1,0.01,459.75,99.85,371.68,0.4859,-1,-1,-1
137,-1,67.66,408.29,263.59,244.33,0.8705,-1,-1,-1
137,-1,564.60,326.09,254.68,341.02,0.8697,-1,-1,-1
137,-1,878.41,481.94,330.94,427.52,0.7235,-1,-1,-1
137,-1,0.04,445.48,85.52,379.62,0.4150,-1,-1,-1
138,-1,562.76,314.68,243.96,333.53,0.8246,-1,-1,-1
138,-1,884.35,514.57,317.88,420.36,0.6786,-1,-1,-1
138,-1,60.17,399.50,264.97,236.26,0.6700,-1,-1,-1
139,-1,556.00,313.61,242.19,332.17,0.7799,-1,-1,-1
139,-1,875.09,481.17,330.39,437.33,0.7122,-1,-1,-1
139,-1,37.45,394.60,274.69,242.14,0.6790,-1,-1,-1
140,-1,17.86,395.74,279.13,245.52,0.8317,-1,-1,-1
140,-1,545.80,308.90,240.09,334.83,0.8283,-1,-1,-1
140,-1,876.20,509.94,322.96,432.86,0.7028,-1,-1,-1
141,-1,12.34,380.84,285.88,262.03,0.8269,-1,-1,-1
141,-1,545.65,305.98,262.86,364.12,0.8094,-1,-1,-1
141,-1,870.35,479.14,338.44,431.35,0.7209,-1,-1,-1
142,-1,10.03,350.58,273.56,301.89,0.8440,-1,-1,-1
142,-1,536.27,308.63,263.56,361.59,0.8077,-1,-1,-1
142,-1,870.68,509.37,330.41,434.37,0.6734,-1,-1,-1
143,-1,519.82,313.94,262.07,360.89,0.8659,-1,-1,-1
143,-1,0.00,347.55,263.76,315.99,0.8353,-1,-1,-1
143,-1,859.16,507.01,336.61,437.37,0.8211,-1,-1,-1
144,-1,502.63,323.09,269.46,363.38,0.8693,-1,-1,-1
144,-1,848.72,513.59,337.63,436.53,0.8285,-1,-1,-1
144,-1,0.09,348.78,239.71,322.50,0.8141,-1,-1,-1
144,-1,255.32,360.13,156.13,224.63,0.4791,-1,-1,-1
145,-1,825.17,530.92,346.01,403.72,0.8734,-1,-1,-1
145,-1,480.53,332.22,266.09,376.14,0.8421,-1,-1,-1
145,-1,220.38,367.98,164.81,232.54,0.5133,-1,-1,-1
146,-1,441.66,341.94,281.09,383.26,0.8431,-1,-1,-1
146,-1,791.58,541.74,355.71,416.09,0.7550,-1,-1,-1
146,-1,174.17,361.96,176.20,249.23,0.4432,-1,-1,-1
147,-1,401.38,345.24,284.61,382.96,0.8800,-1,-1,-1
147,-1,764.50,542.22,342.38,419.27,0.8284,-1,-1,-1
148,-1,367.55,340.48,288.51,381.50,0.8569,-1,-1,-1
148,-1,741.34,535.49,335.99,434.32,0.6549,-1,-1,-1
149,-1,340.73,335.06,300.31,392.31,0.7918,-1,-1,-1
149,-1,729.11,522.83,348.35,455.34,0.7514,-1,-1,-1
149,-1,0.09,421.90,65.54,331.62,0.3670,-1,-1,-1
150,-1,326.26,332.94,299.49,393.44,0.8082,-1,-1,-1
150,-1,717.33,523.53,351.24,445.56,0.7741,-1,-1,-1
151,-1,308.22,330.18,274.60,367.53,0.8310,-1,-1,-1
151,-1,710.77,517.43,351.20,446.45,0.8265,-1,-1,-1
151,-1,404.13,337.21,223.19,419.42,0.3632,-1,-1,-1
152,-1,704.44,509.29,344.09,477.56,0.7851,-1,-1,-1
152,-1,284.54,321.58,302.43,384.29,0.7159,-1,-1,-1
153,-1,268.61,314.33,286.80,377.51,0.8154,-1,-1,-1
153,-1,687.72,506.40,364.68,476.87,0.7485,-1,-1,-1
154,-1,243.02,315.67,297.49,385.42,0.7920,-1,-1,-1
154,-1,677.37,514.88,362.28,473.89,0.7057,-1,-1,-1
155,-1,662.55,514.46,358.53,475.11,0.7687,-1,-1,-1
155,-1,216.49,303.00,317.44,398.63,0.7349,-1,-1,-1
156,-1,184.18,297.51,313.28,398.04,0.7755,-1,-1,-1
156,-1,642.70,516.62,373.36,471.27,0.7353,-1,-1,-1
157,-1,162.86,283.50,324.41,406.75,0.8026,-1,-1,-1
157,-1,626.58,506.43,375.25,474.57,0.6942,-1,-1,-1
158,-1,609.27,502.41,378.75,481.53,0.7963,-1,-1,-1
158,-1,137.54,278.58,309.44,414.02,0.7837,-1,-1,-1
159,-1,577.16,499.92,407.19,511.13,0.7701,-1,-1,-1
159,-1,105.88,266.78,325.68,419.14,0.7690,-1,-1,-1
159,-1,234.78,282.02,226.37,478.72,0.3901,-1,-1,-1
160,-1,81.31,264.77,344.53,441.52,0.7668,-1,-1,-1
160,-1,566.95,500.26,400.55,486.86,0.6971,-1,-1,-1
161,-1,543.33,490.79,407.14,493.62,0.8401,-1,-1,-1
161,-1,43.99,252.37,360.13,457.74,0.8049,-1,-1,-1
162,-1,8.86,247.18,335.43,430.55,0.8455,-1,-1,-1
162,-1,519.52,491.58,416.41,517.56,0.6668,-1,-1,-1
162,-1,146.56,257.14,254.71,495.70,0.6488,-1,-1,-1
163,-1,4.17,236.57,340.03,443.47,0.8575,-1,-1,-1
163,-1,146.61,255.42,246.93,498.64,0.6723,-1,-1,-1
163,-1,504.15,487.19,423.35,525.02,0.6446,-1,-1,-1
164,-1,0.92,241.43,357.78,468.36,0.7625,-1,-1,-1
164,-1,494.84,482.40,431.05,540.62,0.6950,-1,-1,-1
165,-1,499.28,489.46,423.52,551.61,0.7731,-1,-1,-1
165,-1,30.19,235.86,346.92,513.16,0.7661,-1,-1,-1
166,-1,493.02,477.72,422.32,549.85,0.8231,-1,-1,-1
166,-1,1.05,223.50,289.86,452.43,0.7794,-1,-1,-1
166,-1,86.75,237.98,273.08,512.51,0.7664,-1,-1,-1
167,-1,477.68,467.64,437.46,546.36,0.8122,-1,-1,-1
167,-1,5.08,219.51,351.10,533.09,0.8090,-1,-1,-1
168,-1,13.54,205.34,335.65,552.10,0.8209,-1,-1,-1
168,-1,473.69,461.33,435.72,551.49,0.8107,-1,-1,-1
169,-1,6.13,203.06,344.78,556.28,0.8304,-1,-1,-1
169,-1,491.37,451.79,425.26,546.52,0.7911,-1,-1,-1
170,-1,3.11,198.88,342.60,557.88,0.8333,-1,-1,-1
170,-1,488.08,454.30,436.98,549.33,0.7777,-1,-1,-1
171,-1,8.20,198.34,344.83,548.55,0.7853,-1,-1,-1
171,-1,502.59,437.41,421.00,574.44,0.7623,-1,-1,-1
172,-1,1.24,205.55,357.61,484.22,0.7296,-1,-1,-1
172,-1,531.33,427.55,403.02,544.76,0.7276,-1,-1,-1
173,-1,585.20,451.03,374.50,536.63,0.7277,-1,-1,-1
173,-1,17.17,217.00,372.20,453.44,0.6554,-1,-1,-1
174,-1,642.11,463.85,379.81,524.99,0.7603,-1,-1,-1
174,-1,88.96,247.25,413.41,489.53,0.3456,-1,-1,-1
175,-1,711.37,467.10,376.80,524.47,0.6989,-1,-1,-1
175,-1,178.47,261.21,367.68,471.45,0.6096,-1,-1,-1
176,-1,755.43,448.79,385.99,513.38,0.7212,-1,-1,-1
176,-1,232.29,255.72,355.44,433.66,0.6413,-1,-1,-1
177,-1,801.00,459.17,375.49,516.85,0.7666,-1,-1,-1
177,-1,284.09,251.34,311.53,418.31,0.7581,-1,-1,-1
177,-1,405.97,278.75,231.78,449.56,0.3181,-1,-1,-1
178,-1,325.91,252.94,290.50,407.86,0.8266,-1,-1,-1
178,-1,821.73,463.73,394.00,526.12,0.7994,-1,-1,-1
178,-1,445.18,280.09,229.00,454.09,0.6639,-1,-1,-1
179,-1,335.85,243.27,288.20,410.81,0.8669,-1,-1,-1
179,-1,828.82,445.13,389.49,517.22,0.7358,-1,-1,-1
179,-1,465.84,267.34,222.23,462.97,0.6775,-1,-1,-1
180,-1,337.95,232.10,291.16,412.47,0.8640,-1,-1,-1
180,-1,834.09,441.49,396.45,519.22,0.8308,-1,-1,-1
180,-1,476.07,283.97,212.82,441.02,0.5139,-1,-1,-1
180,-1,0.57,429.99,113.84,172.93,0.4161,-1,-1,-1
181,-1,351.75,228.40,275.57,406.41,0.8486,-1,-1,-1
181,-1,841.80,435.72,397.37,533.94,0.8119,-1,-1,-1
181,-1,475.26,253.48,218.73,463.60,0.6852,-1,-1,-1
182,-1,365.29,224.85,287.13,401.55,0.8632,-1,-1,-1
182,-1,858.49,428.50,403.37,522.52,0.4772,-1,-1,-1
182,-1,495.18,247.64,211.77,466.71,0.4125,-1,-1,-1
183,-1,375.27,220.22,287.76,404.01,0.8199,-1,-1,-1
183,-1,866.72,426.51,397.18,537.52,0.6193,-1,-1,-1
183,-1,500.46,248.31,212.06,457.06,0.4154,-1,-1,-1
184,-1,380.44,214.02,286.55,406.91,0.7336,-1,-1,-1
184,-1,866.73,428.87,408.40,517.70,0.6925,-1,-1,-1
184,-1,510.33,245.98,213.30,459.94,0.5058,-1,-1,-1
185,-1,878.67,424.66,409.99,535.67,0.7850,-1,-1,-1
185,-1,390.26,213.99,279.22,407.96,0.7152,-1,-1,-1
185,-1,513.28,243.99,213.11,458.80,0.5620,-1,-1,-1
186,-1,403.77,215.41,270.53,409.29,0.8256,-1,-1,-1
186,-1,878.35,417.86,429.99,545.84,0.6675,-1,-1,-1
186,-1,523.28,239.61,217.35,460.03,0.5460,-1,-1,-1
187,-1,413.57,217.12,283.22,408.27,0.8586,-1,-1,-1
187,-1,899.42,423.07,417.13,527.94,0.5752,-1,-1,-1
187,-1,541.75,237.41,208.63,465.35,0.4919,-1,-1,-1
187,-1,0.15,393.96,62.56,369.93,0.3552,-1,-1,-1
188,-1,425.06,219.03,287.47,407.89,0.8135,-1,-1,-1
188,-1,912.35,422.88,419.12,524.88,0.7719,-1,-1,-1
188,-1,552.17,252.68,215.51,450.87,0.3477,-1,-1,-1
188,-1,0.07,355.91,74.44,365.91,0.3356,-1,-1,-1
189,-1,437.75,221.26,282.42,412.18,0.7793,-1,-1,-1
189,-1,924.97,413.58,424.41,558.94,0.7309,-1,-1,-1
189,-1,564.49,245.74,207.92,459.47,0.5230,-1,-1,-1
190,-1,447.34,220.39,284.83,407.89,0.8635,-1,-1,-1
190,-1,926.39,415.40,430.08,537.05,0.7203,-1,-1,-1
190,-1,574.21,236.26,212.54,472.00,0.4417,-1,-1,-1
191,-1,451.34,219.83,287.39,410.09,0.8749,-1,-1,-1
191,-1,935.02,403.07,424.71,563.37,0.7318,-1,-1,-1
191,-1,581.91,224.22,213.23,490.54,0.6939,-1,-1,-1
191,-1,0.09,407.20,117.87,405.09,0.4979,-1,-1,-1
192,-1,455.99,220.08,293.53,412.71,0.8849,-1,-1,-1
192,-1,945.01,403.38,434.61,567.64,0.7781,-1,-1,-1
192,-1,0.00,412.12,118.22,415.21,0.5234,-1,-1,-1
192,-1,591.72,233.85,209.08,481.92,0.4708,-1,-1,-1
193,-1,456.10,217.46,285.86,413.33,0.8830,-1,-1,-1
193,-1,939.58,391.11,443.51,581.79,0.6949,-1,-1,-1
193,-1,589.75,232.00,212.26,486.39,0.6270,-1,-1,-1
193,-1,0.00,426.23,115.82,390.73,0.5565,-1,-1,-1
194,-1,446.68,211.35,292.03,418.09,0.9037,-1,-1,-1
194,-1,941.61,373.92,440.11,615.49,0.7286,-1,-1,-1
194,-1,586.90,226.94,211.33,489.36,0.4656,-1,-1,-1
194,-1,0.01,385.04,118.75,430.56,0.4109,-1,-1,-1
195,-1,456.82,210.78,284.33,419.93,0.8755,-1,-1,-1
195,-1,934.51,361.77,471.88,659.73,0.7029,-1,-1,-1
195,-1,595.79,255.87,212.05,453.46,0.3550,-1,-1,-1
196,-1,461.65,212.06,298.00,420.93,0.8566,-1,-1,-1
196,-1,937.64,357.11,474.77,595.47,0.5749,-1,-1,-1
197,-1,483.75,220.00,288.00,421.09,0.8360,-1,-1,-1
197,-1,954.50,369.32,468.61,655.24,0.6516,-1,-1,-1
198,-1,497.33,218.86,282.02,427.98,0.8841,-1,-1,-1
198,-1,632.64,223.37,221.49,487.75,0.6959,-1,-1,-1
198,-1,969.20,367.47,486.97,652.62,0.5760,-1,-1,-1
199,-1,520.31,223.48,287.11,420.47,0.8463,-1,-1,-1
199,-1,1.13,303.89,203.97,446.43,0.5814,-1,-1,-1
199,-1,1001.19,374.20,465.50,693.77,0.4158,-1,-1,-1
199,-1,645.62,246.21,228.26,463.01,0.3728,-1,-1,-1
200,-1,522.27,219.47,283.26,420.05,0.8479,-1,-1,-1
200,-1,988.94,369.27,482.57,695.16,0.5391,-1,-1,-1
200,-1,0.93,362.31,205.89,376.01,0.5208,-1,-1,-1
200,-1,652.55,229.69,223.13,490.37,0.4264,-1,-1,-1
201,-1,510.00,209.85,286.62,421.09,0.8699,-1,-1,-1
201,-1,975.72,364.74,481.00,715.26,0.5558,-1,-1,-1
201,-1,648.52,213.94,212.79,480.27,0.4996,-1,-1,-1
201,-1,0.28,401.82,183.06,304.71,0.4012,-1,-1,-1
202,-1,500.12,194.07,275.61,428.85,0.8963,-1,-1,-1
202,-1,634.95,202.47,215.18,485.59,0.7195,-1,-1,-1
202,-1,964.45,349.16,495.27,681.96,0.6304,-1,-1,-1
202,-1,0.31,430.28,173.12,310.24,0.6283,-1,-1,-1
203,-1,492.68,187.29,282.54,433.77,0.8960,-1,-1,-1
203,-1,966.93,351.24,494.59,700.90,0.5742,-1,-1,-1
203,-1,616.44,201.53,225.96,479.52,0.5058,-1,-1,-1
203,-1,0.00,246.01,155.93,441.24,0.3957,-1,-1,-1
204,-1,478.94,180.57,286.81,440.48,0.8937,-1,-1,-1
204,-1,0.78,423.47,146.95,267.61,0.7749,-1,-1,-1
204,-1,955.94,344.77,503.31,679.74,0.5866,-1,-1,-1
204,-1,617.03,193.04,223.99,496.88,0.5046,-1,-1,-1
205,-1,471.77,175.86,296.52,442.21,0.8872,-1,-1,-1
205,-1,0.92,410.82,149.36,293.89,0.7237,-1,-1,-1
205,-1,613.07,184.44,228.03,503.56,0.6025,-1,-1,-1
205,-1,960.65,342.93,502.54,606.09,0.5625,-1,-1,-1
205,-1,173.27,398.47,148.89,138.75,0.4058,-1,-1,-1
206,-1,471.82,173.80,296.62,443.03,0.8852,-1,-1,-1
206,-1,0.90,412.50,154.46,292.69,0.5998,-1,-1,-1
206,-1,609.96,182.91,234.72,504.85,0.5568,-1,-1,-1
206,-1,957.22,333.74,500.87,636.03,0.5202,-1,-1,-1
207,-1,470.83,169.96,298.07,444.18,0.8822,-1,-1,-1
207,-1,0.37,427.24,155.19,285.53,0.7788,-1,-1,-1
207,-1,957.29,332.63,503.55,625.54,0.4954,-1,-1,-1
207,-1,609.13,173.62,234.00,510.91,0.3878,-1,-1,-1
208,-1,468.29,165.94,301.46,446.18,0.8725,-1,-1,-1
208,-1,0.44,420.16,155.09,276.48,0.6608,-1,-1,-1
208,-1,969.93,327.73,496.63,638.19,0.6413,-1,-1,-1
209,-1,481.06,162.52,286.66,445.02,0.8610,-1,-1,-1
209,-1,963.03,316.46,524.47,688.46,0.6927,-1,-1,-1
209,-1,619.87,171.44,237.66,511.87,0.6854,-1,-1,-1
209,-1,1.29,426.15,163.10,310.78,0.4855,-1,-1,-1
210,-1,955.62,302.53,532.23,689.80,0.7933,-1,-1,-1
210,-1,0.37,425.98,165.40,308.03,0.7706,-1,-1,-1
210,-1,482.54,152.05,288.52,451.72,0.7641,-1,-1,-1
210,-1,618.80,158.31,236.79,520.99,0.6863,-1,-1,-1
210,-1,183.79,323.95,172.19,340.44,0.5346,-1,-1,-1
211,-1,478.50,139.11,291.63,453.05,0.8059,-1,-1,-1
211,-1,176.38,316.40,175.75,346.58,0.8046,-1,-1,-1
211,-1,963.02,295.84,531.97,715.54,0.7540,-1,-1,-1
211,-1,619.66,191.75,236.54,480.19,0.4981,-1,-1,-1
211,-1,0.73,374.78,153.12,348.86,0.3785,-1,-1,-1
212,-1,469.80,132.98,299.58,455.95,0.8425,-1,-1,-1
212,-1,172.68,323.71,174.83,340.43,0.7632,-1,-1,-1
212,-1,609.60,147.82,239.08,505.55,0.7173,-1,-1,-1
212,-1,959.06,286.23,531.36,716.49,0.6813,-1,-1,-1
212,-1,0.74,390.26,152.87,307.21,0.5478,-1,-1,-1
213,-1,464.83,120.64,307.05,465.25,0.8769,-1,-1,-1
213,-1,165.86,305.09,190.56,364.24,0.8428,-1,-1,-1
213,-1,605.28,128.91,247.08,523.97,0.6367,-1,-1,-1
213,-1,946.69,279.13,558.20,719.10,0.5713,-1,-1,-1
213,-1,0.13,403.11,140.02,326.55,0.3336,-1,-1,-1
214,-1,458.67,117.76,305.95,462.83,0.8833,-1,-1,-1
214,-1,161.02,299.69,195.03,363.05,0.8082,-1,-1,-1
214,-1,610.69,123.53,238.91,536.40,0.6604,-1,-1,-1
214,-1,964.97,261.85,544.92,741.78,0.3678,-1,-1,-1
214,-1,0.00,198.94,151.51,476.29,0.3434,-1,-1,-1
215,-1,459.13,110.19,310.72,468.96,0.8867,-1,-1,-1
215,-1,166.55,302.58,191.12,359.30,0.8383,-1,-1,-1
215,-1,607.72,107.59,246.03,553.59,0.6941,-1,-1,-1
215,-1,0.02,385.15,127.84,404.89,0.5739,-1,-1,-1
215,-1,964.34,256.80,555.29,747.26,0.4785,-1,-1,-1
216,-1,449.39,98.78,322.87,476.06,0.8868,-1,-1,-1
216,-1,159.12,311.82,196.68,354.58,0.5098,-1,-1,-1
216,-1,603.25,102.09,247.69,553.11,0.4412,-1,-1,-1
216,-1,0.00,372.66,119.52,435.05,0.3831,-1,-1,-1
217,-1,446.81,88.95,329.83,484.51,0.8809,-1,-1,-1
217,-1,936.19,228.16,596.83,543.02,0.3994,-1,-1,-1
217,-1,0.00,368.73,124.19,353.01,0.3590,-1,-1,-1
218,-1,446.32,86.71,324.21,486.67,0.8862,-1,-1,-1
218,-1,156.98,296.29,197.15,382.67,0.4865,-1,-1,-1
218,-1,938.02,228.82,597.45,538.40,0.4258,-1,-1,-1
218,-1,0.00,370.01,121.51,360.09,0.3425,-1,-1,-1
218,-1,586.48,100.47,259.75,548.96,0.3271,-1,-1,-1
219,-1,445.93,85.98,321.57,488.29,0.8906,-1,-1,-1
219,-1,935.13,220.38,598.10,541.70,0.3493,-1,-1,-1
219,-1,590.92,90.76,256.46,534.89,0.3252,-1,-1,-1
220,-1,448.46,90.14,323.55,485.47,0.8890,-1,-1,-1
220,-1,0.00,374.67,122.07,419.87,0.5694,-1,-1,-1
220,-1,603.66,104.07,256.43,551.91,0.3931,-1,-1,-1
220,-1,166.00,301.21,191.76,374.18,0.3683,-1,-1,-1
221,-1,452.77,92.56,322.63,483.91,0.8676,-1,-1,-1
221,-1,174.12,328.60,185.40,339.50,0.5634,-1,-1,-1
221,-1,603.16,87.43,263.34,580.76,0.4845,-1,-1,-1
221,-1,0.37,382.28,133.19,317.82,0.4435,-1,-1,-1
222,-1,460.68,96.43,308.64,483.34,0.8600,-1,-1,-1
222,-1,608.27,85.35,257.13,578.48,0.6700,-1,-1,-1
222,-1,173.95,296.59,193.59,387.29,0.6191,-1,-1,-1
222,-1,0.11,396.68,136.84,362.55,0.4576,-1,-1,-1
223,-1,469.51,100.60,305.16,481.32,0.8577,-1,-1,-1
223,-1,612.94,94.95,260.28,579.49,0.7174,-1,-1,-1
223,-1,0.28,399.59,146.63,342.74,0.3905,-1,-1,-1
224,-1,477.52,110.09,296.33,483.03,0.8748,-1,-1,-1
224,-1,622.22,106.16,255.39,561.99,0.6559,-1,-1,-1
224,-1,957.29,236.81,632.41,543.03,0.3224,-1,-1,-1
225,-1,478.87,115.26,298.11,488.07,0.8496,-1,-1,-1
225,-1,625.00,108.37,259.03,566.37,0.7218,-1,-1,-1
225,-1,195.28,357.20,184.25,350.97,0.6825,-1,-1,-1
225,-1,952.40,242.76,658.54,511.47,0.4456,-1,-1,-1
225,-1,0.50,410.94,163.73,337.67,0.4324,-1,-1,-1
226,-1,488.12,127.42,315.25,495.48,0.8695,-1,-1,-1
226,-1,203.19,338.00,193.73,375.65,0.7018,-1,-1,-1
226,-1,0.23,411.91,169.19,334.03,0.3749,-1,-1,-1
226,-1,616.22,123.44,281.29,550.79,0.3191,-1,-1,-1
227,-1,494.07,130.26,321.80,494.42,0.8965,-1,-1,-1
227,-1,215.58,335.48,195.49,368.49,0.8089,-1,-1,-1
227,-1,1018.53,251.67,639.33,601.92,0.3598,-1,-1,-1
228,-1,225.82,339.45,201.34,364.86,0.8546,-1,-1,-1
228,-1,508.94,138.85,323.25,492.66,0.8542,-1,-1,-1
228,-1,1047.75,255.92,613.51,592.88,0.3948,-1,-1,-1
228,-1,660.79,156.15,261.96,552.89,0.3518,-1,-1,-1
229,-1,524.71,137.90,311.12,501.13,0.8776,-1,-1,-1
229,-1,233.68,338.55,188.73,382.83,0.6946,-1,-1,-1
229,-1,1.78,254.60,198.66,483.45,0.6031,-1,-1,-1
229,-1,660.71,148.25,280.19,572.83,0.3682,-1,-1,-1
230,-1,538.91,154.27,304.62,501.33,0.8608,-1,-1,-1
230,-1,2.06,259.22,213.53,488.74,0.7516,-1,-1,-1
230,-1,255.46,347.50,189.43,352.41,0.6169,-1,-1,-1
230,-1,666.38,168.88,285.22,541.48,0.3980,-1,-1,-1
230,-1,1071.12,300.09,624.19,567.93,0.3514,-1,-1,-1
231,-1,1.16,252.89,239.04,506.55,0.7818,-1,-1,-1
231,-1,551.43,159.08,323.76,503.99,0.7736,-1,-1,-1
231,-1,266.96,354.66,198.28,350.70,0.6773,-1,-1,-1
231,-1,691.07,169.52,273.73,551.33,0.5259,-1,-1,-1
231,-1,1076.68,296.75,657.13,614.05,0.3246,-1,-1,-1
232,-1,569.26,176.06,315.27,497.11,0.7399,-1,-1,-1
232,-1,268.92,362.17,211.01,353.22,0.7060,-1,-1,-1
232,-1,2.45,282.10,277.86,503.11,0.6514,-1,-1,-1
232,-1,714.24,188.98,263.86,521.97,0.4309,-1,-1,-1
232,-1,1083.57,330.24,672.47,603.59,0.3808,-1,-1,-1
233,-1,282.97,369.69,211.12,367.23,0.8675,-1,-1,-1
233,-1,576.57,183.68,323.12,507.90,0.8521,-1,-1,-1
233,-1,0.00,315.45,276.88,468.16,0.8383,-1,-1,-1
233,-1,729.30,189.33,270.46,579.33,0.6565,-1,-1,-1
234,-1,293.68,377.75,214.96,355.60,0.8801,-1,-1,-1
234,-1,592.04,198.60,313.35,502.22,0.8655,-1,-1,-1
234,-1,0.00,366.20,283.52,434.45,0.7575,-1,-1,-1
234,-1,736.13,199.95,271.21,568.64,0.6649,-1,-1,-1
235,-1,287.42,387.41,229.14,356.62,0.8853,-1,-1,-1
235,-1,599.69,205.23,326.00,503.88,0.6947,-1,-1,-1
235,-1,0.40,448.84,281.34,351.73,0.6183,-1,-1,-1
235,-1,1124.58,380.77,689.00,618.51,0.3852,-1,-1,-1
236,-1,293.44,393.31,220.72,341.34,0.8910,-1,-1,-1
236,-1,2.22,463.43,284.55,332.82,0.7093,-1,-1,-1
236,-1,611.14,211.90,325.04,507.71,0.6227,-1,-1,-1
236,-1,1150.73,377.29,648.21,631.42,0.3395,-1,-1,-1
237,-1,307.41,390.17,212.40,347.54,0.8795,-1,-1,-1
237,-1,622.41,211.45,316.28,510.04,0.8186,-1,-1,-1
237,-1,4.34,399.29,296.23,390.74,0.6289,-1,-1,-1
237,-1,1152.23,410.48,641.26,633.93,0.4794,-1,-1,-1
238,-1,311.73,383.76,210.47,387.34,0.8549,-1,-1,-1
238,-1,624.14,223.07,315.09,502.02,0.8317,-1,-1,-1
238,-1,3.16,378.85,301.52,422.10,0.7879,-1,-1,-1
238,-1,1178.50,417.37,586.48,635.83,0.5352,-1,-1,-1
239,-1,628.53,226.50,313.05,502.16,0.8595,-1,-1,-1
239,-1,324.36,391.92,206.25,369.96,0.8003,-1,-1,-1
239,-1,3.06,466.59,298.71,336.08,0.6444,-1,-1,-1
239,-1,1189.08,427.39,637.66,627.26,0.5114,-1,-1,-1
239,-1,761.46,232.68,285.86,574.81,0.4433,-1,-1,-1
240,-1,632.96,232.04,312.89,501.67,0.8435,-1,-1,-1
240,-1,760.72,235.15,294.29,584.48,0.6224,-1,-1,-1
240,-1,329.00,392.44,186.00,392.64,0.5265,-1,-1,-1
240,-1,1200.66,470.28,630.37,590.13,0.4679,-1,-1,-1
240,-1,3.42,478.13,300.93,333.82,0.4450,-1,-1,-1
241,-1,642.83,243.01,314.54,500.90,0.8343,-1,-1,-1
241,-1,4.22,371.22,323.56,455.30,0.7387,-1,-1,-1
241,-1,336.19,398.41,192.86,374.22,0.5938,-1,-1,-1
241,-1,1176.26,465.28,679.80,598.09,0.5911,-1,-1,-1
241,-1,734.66,238.40,333.89,584.56,0.4451,-1,-1,-1
242,-1,3.12,365.32,332.68,459.74,0.8164,-1,-1,-1
242,-1,343.84,402.06,194.00,363.50,0.7736,-1,-1,-1
242,-1,1186.62,465.05,661.31,604.68,0.7076,-1,-1,-1
242,-1,644.90,243.21,337.02,506.69,0.6856,-1,-1,-1
243,-1,3.27,365.47,342.59,462.21,0.8015,-1,-1,-1
243,-1,1235.89,476.89,592.93,594.01,0.6943,-1,-1,-1
243,-1,654.86,239.13,437.55,578.56,0.5909,-1,-1,-1
243,-1,356.24,406.31,189.52,359.98,0.5628,-1,-1,-1
244,-1,2.57,369.68,348.95,459.47,0.8448,-1,-1,-1
244,-1,360.14,403.16,190.25,357.67,0.7593,-1,-1,-1
244,-1,1238.13,484.47,613.95,591.71,0.6628,-1,-1,-1
244,-1,668.92,249.14,434.90,562.07,0.6424,-1,-1,-1
245,-1,359.76,404.99,190.84,351.64,0.8416,-1,-1,-1
245,-1,3.12,369.97,355.73,466.91,0.8349,-1,-1,-1
245,-1,1267.33,495.17,594.39,575.12,0.7926,-1,-1,-1
245,-1,659.61,254.36,443.73,558.38,0.6872,-1,-1,-1
246,-1,372.88,409.63,184.62,352.66,0.7961,-1,-1,-1
246,-1,1281.94,504.57,578.61,570.32,0.7728,-1,-1,-1
246,-1,667.37,260.57,356.40,513.53,0.7426,-1,-1,-1
246,-1,17.47,371.37,356.99,458.53,0.7066,-1,-1,-1
247,-1,679.63,266.19,348.85,527.07,0.7419,-1,-1,-1
247,-1,1297.84,510.91,580.61,567.71,0.6623,-1,-1,-1
247,-1,8.63,478.62,347.09,413.28,0.4442,-1,-1,-1
247,-1,385.91,417.46,171.17,353.12,0.3681,-1,-1,-1
248,-1,1304.91,521.02,583.13,558.12,0.6579,-1,-1,-1
248,-1,12.47,389.49,358.29,481.99,0.5609,-1,-1,-1
248,-1,683.61,270.19,348.27,545.90,0.5562,-1,-1,-1
249,-1,19.41,395.75,347.90,471.98,0.6914,-1,-1,-1
249,-1,1302.21,535.02,586.51,544.98,0.6045,-1,-1,-1
249,-1,683.78,270.13,462.84,615.70,0.5262,-1,-1,-1
250,-1,1311.21,543.38,574.28,536.62,0.7738,-1,-1,-1
250,-1,685.97,280.36,454.94,622.21,0.6937,-1,-1,-1
250,-1,0.00,659.98,104.04,420.02,0.3113,-1,-1,-1
251,-1,1325.98,556.36,553.94,523.31,0.7585,-1,-1,-1
251,-1,714.98,293.19,438.96,605.86,0.6275,-1,-1,-1
251,-1,0.10,708.61,120.08,368.92,0.5553,-1,-1,-1
251,-1,1.42,450.19,375.79,467.36,0.5415,-1,-1,-1
252,-1,1331.54,565.64,553.99,514.36,0.7613,-1,-1,-1
252,-1,0.00,415.66,405.95,486.33,0.7372,-1,-1,-1
252,-1,0.62,723.59,123.85,355.80,0.6320,-1,-1,-1
252,-1,704.23,306.20,453.93,572.98,0.5857,-1,-1,-1
253,-1,710.60,312.93,354.43,530.48,0.7741,-1,-1,-1
253,-1,1330.36,575.67,563.88,504.33,0.7301,-1,-1,-1
253,-1,5.73,425.50,397.60,480.24,0.7139,-1,-1,-1
253,-1,0.62,725.63,134.06,352.16,0.6677,-1,-1,-1
254,-1,715.98,315.14,355.46,536.99,0.7869,-1,-1,-1
254,-1,1359.78,591.61,527.85,488.39,0.7430,-1,-1,-1
254,-1,9.08,457.00,395.96,461.30,0.6456,-1,-1,-1
254,-1,0.34,729.68,148.22,343.81,0.6384,-1,-1,-1
255,-1,0.45,730.42,150.36,342.40,0.7336,-1,-1,-1
255,-1,1370.43,605.41,503.80,474.59,0.7033,-1,-1,-1
255,-1,7.99,526.47,410.77,395.04,0.6725,-1,-1,-1
255,-1,730.87,325.41,350.31,551.76,0.5594,-1,-1,-1
256,-1,0.32,754.58,166.52,318.55,0.8265,-1,-1,-1
256,-1,18.47,466.70,419.74,457.78,0.7899,-1,-1,-1
256,-1,1373.85,616.96,477.47,460.18,0.6653,-1,-1,-1
256,-1,740.06,332.06,448.41,599.90,0.6211,-1,-1,-1
257,-1,1399.18,643.61,456.97,436.21,0.6907,-1,-1,-1
257,-1,750.46,349.07,438.06,565.54,0.6387,-1,-1,-1
257,-1,0.28,752.77,164.23,321.54,0.6308,-1,-1,-1
257,-1,15.32,499.84,428.62,449.42,0.5557,-1,-1,-1
257,-1,1142.62,880.98,234.88,199.02,0.3127,-1,-1,-1
258,-1,1388.10,664.72,467.15,415.28,0.7133,-1,-1,-1
258,-1,752.44,359.64,383.58,543.64,0.6482,-1,-1,-1
258,-1,26.89,479.86,430.37,469.21,0.6175,-1,-1,-1
258,-1,0.00,716.92,165.09,355.57,0.5550,-1,-1,-1
259,-1,36.38,502.46,431.05,451.97,0.7215,-1,-1,-1
259,-1,1415.37,685.96,466.97,392.94,0.7076,-1,-1,-1
259,-1,766.53,364.40,366.89,549.74,0.6925,-1,-1,-1
259,-1,2.31,746.93,188.32,332.88,0.4039,-1,-1,-1
259,-1,0.43,727.91,62.21,347.89,0.3697,-1,-1,-1
260,-1,56.20,500.90,430.87,455.06,0.8096,-1,-1,-1
260,-1,1415.99,686.69,488.67,390.49,0.7336,-1,-1,-1
260,-1,784.79,377.39,427.25,578.95,0.6488,-1,-1,-1
260,-1,2.64,756.38,203.70,321.83,0.6111,-1,-1,-1
260,-1,0.39,735.22,65.78,340.73,0.5154,-1,-1,-1
261,-1,43.96,485.98,467.01,481.05,0.7661,-1,-1,-1
261,-1,1393.26,706.09,526.74,373.04,0.7169,-1,-1,-1
261,-1,1178.06,891.67,226.98,188.33,0.7076,-1,-1,-1
261,-1,790.79,384.89,443.18,574.75,0.6030,-1,-1,-1
261,-1,0.33,714.66,213.08,365.34,0.5820,-1,-1,-1
261,-1,0.08,706.48,81.37,373.52,0.4207,-1,-1,-1
262,-1,91.08,489.69,410.72,452.79,0.7624,-1,-1,-1
262,-1,797.05,393.03,454.47,553.83,0.7520,-1,-1,-1
262,-1,2.06,736.27,229.72,341.42,0.6774,-1,-1,-1
262,-1,1422.66,708.72,489.41,369.82,0.6414,-1,-1,-1
262,-1,1183.92,902.85,250.21,177.15,0.5485,-1,-1,-1
262,-1,0.54,752.01,90.70,324.07,0.3810,-1,-1,-1
263,-1,89.96,499.79,417.02,453.09,0.7856,-1,-1,-1
263,-1,5.52,744.34,232.65,333.58,0.6612,-1,-1,-1
263,-1,803.26,404.39,392.76,516.49,0.6237,-1,-1,-1
263,-1,1439.12,704.29,474.55,371.86,0.5904,-1,-1,-1
263,-1,1193.75,912.54,240.57,167.46,0.4667,-1,-1,-1
263,-1,0.00,759.67,107.62,319.49,0.3857,-1,-1,-1
264,-1,99.12,516.09,420.70,448.06,0.8231,-1,-1,-1
264,-1,1461.61,710.33,458.39,365.33,0.6789,-1,-1,-1
264,-1,805.44,405.62,400.25,516.50,0.6119,-1,-1,-1
264,-1,5.16,728.45,245.88,344.65,0.5530,-1,-1,-1
264,-1,0.00,742.23,114.65,332.40,0.4604,-1,-1,-1
265,-1,85.77,507.96,457.20,446.55,0.8102,-1,-1,-1
265,-1,1471.42,705.69,447.83,374.31,0.6799,-1,-1,-1
265,-1,832.92,397.17,429.76,540.35,0.6350,-1,-1,-1
265,-1,13.95,744.10,251.15,330.31,0.4800,-1,-1,-1
265,-1,0.00,690.08,139.38,385.02,0.4758,-1,-1,-1
266,-1,104.72,511.00,451.79,441.57,0.7475,-1,-1,-1
266,-1,1482.98,688.29,437.02,391.13,0.6786,-1,-1,-1
266,-1,848.96,383.61,436.17,573.36,0.5822,-1,-1,-1
266,-1,0.43,712.95,145.75,361.31,0.5762,-1,-1,-1
266,-1,34.47,752.09,246.35,323.80,0.4956,-1,-1,-1
267,-1,115.24,509.28,449.43,434.64,0.7694,-1,-1,-1
267,-1,1497.64,679.97,422.36,400.03,0.6580,-1,-1,-1
267,-1,849.48,365.46,439.88,562.95,0.5840,-1,-1,-1
267,-1,0.90,708.28,160.81,368.24,0.4920,-1,-1,-1
267,-1,20.11,715.62,273.31,359.43,0.4310,-1,-1,-1
268,-1,846.74,364.05,370.40,531.41,0.8021,-1,-1,-1
268,-1,154.68,488.39,409.13,440.22,0.7413,-1,-1,-1
268,-1,1505.04,658.42,414.96,421.58,0.7405,-1,-1,-1
268,-1,0.96,704.61,162.03,369.47,0.5853,-1,-1,-1
268,-1,42.34,731.92,250.92,345.23,0.5410,-1,-1,-1
269,-1,160.80,470.69,411.53,442.46,0.8650,-1,-1,-1
269,-1,865.11,360.02,362.00,520.18,0.7338,-1,-1,-1
269,-1,44.80,748.19,259.50,331.81,0.5523,-1,-1,-1
269,-1,1513.30,636.82,406.70,443.18,0.5248,-1,-1,-1
269,-1,0.58,701.26,167.56,378.18,0.4995,-1,-1,-1
270,-1,165.50,456.97,421.48,450.49,0.7370,-1,-1,-1
270,-1,876.13,335.48,431.34,571.25,0.4230,-1,-1,-1
271,-1,884.86,316.06,384.99,556.49,0.7108,-1,-1,-1
271,-1,162.70,484.32,431.75,420.79,0.6446,-1,-1,-1
271,-1,3.08,559.63,204.38,513.64,0.6106,-1,-1,-1
271,-1,93.46,697.61,266.01,382.39,0.5236,-1,-1,-1
272,-1,889.16,312.93,397.00,542.77,0.6853,-1,-1,-1
272,-1,2.41,571.64,207.16,502.75,0.6264,-1,-1,-1
272,-1,173.05,472.80,423.64,428.48,0.6081,-1,-1,-1
272,-1,100.50,698.49,246.58,380.10,0.5272,-1,-1,-1
272,-1,1594.90,585.15,320.77,494.85,0.3720,-1,-1,-1
273,-1,907.55,296.20,448.93,564.79,0.7362,-1,-1,-1
273,-1,205.47,487.27,393.52,374.67,0.6550,-1,-1,-1
273,-1,1.52,561.83,236.84,508.66,0.5205,-1,-1,-1
274,-1,214.02,427.02,396.22,426.63,0.6720,-1,-1,-1
274,-1,922.86,277.85,371.92,536.43,0.6544,-1,-1,-1
274,-1,1.17,502.82,250.07,569.53,0.4584,-1,-1,-1
274,-1,1708.71,596.60,211.12,482.42,0.3591,-1,-1,-1
274,-1,138.73,657.80,225.17,422.20,0.3146,-1,-1,-1
275,-1,938.71,272.06,354.00,545.78,0.7395,-1,-1,-1
275,-1,243.34,439.49,386.37,396.50,0.6739,-1,-1,-1
275,-1,1.72,522.08,256.73,547.96,0.6648,-1,-1,-1
276,-1,1.54,529.12,268.09,527.09,0.6388,-1,-1,-1
276,-1,933.63,264.16,413.35,549.79,0.5953,-1,-1,-1
276,-1,249.64,429.29,385.43,414.35,0.5940,-1,-1,-1
276,-1,148.33,643.60,236.80,421.77,0.3477,-1,-1,-1
277,-1,242.76,407.07,406.06,440.74,0.7001,-1,-1,-1
277,-1,5.95,540.56,300.54,526.27,0.6021,-1,-1,-1
277,-1,940.13,250.81,401.99,548.54,0.5725,-1,-1,-1
278,-1,4.85,499.24,335.51,567.42,0.7383,-1,-1,-1
278,-1,267.61,379.29,399.28,437.12,0.6053,-1,-1,-1
278,-1,964.41,223.39,488.38,611.87,0.5744,-1,-1,-1
278,-1,657.21,393.43,183.12,356.41,0.4822,-1,-1,-1
279,-1,4.44,476.95,319.30,551.66,0.7348,-1,-1,-1
279,-1,305.34,384.64,354.31,415.77,0.6774,-1,-1,-1
279,-1,975.23,212.48,488.72,583.39,0.5317,-1,-1,-1
279,-1,669.40,372.18,181.42,379.80,0.3893,-1,-1,-1
280,-1,3.43,475.67,321.00,533.23,0.8158,-1,-1,-1
280,-1,318.00,459.52,340.48,324.62,0.6902,-1,-1,-1
280,-1,982.06,192.64,495.41,585.97,0.6706,-1,-1,-1
280,-1,677.54,367.65,176.42,356.71,0.6659,-1,-1,-1
281,-1,6.65,450.58,353.16,538.15,0.6918,-1,-1,-1
281,-1,691.33,374.09,187.56,348.11,0.6058,-1,-1,-1
281,-1,997.35,173.83,482.13,596.36,0.5972,-1,-1,-1
281,-1,262.05,370.59,420.12,418.12,0.4748,-1,-1,-1
282,-1,1012.08,166.26,385.98,538.86,0.7608,-1,-1,-1
282,-1,325.39,416.16,384.17,348.17,0.7586,-1,-1,-1
282,-1,709.07,351.35,175.07,359.74,0.7580,-1,-1,-1
282,-1,4.35,443.70,362.36,538.15,0.7142,-1,-1,-1
283,-1,355.25,415.78,362.60,338.44,0.7609,-1,-1,-1
283,-1,6.37,431.60,364.49,560.05,0.6788,-1,-1,-1
283,-1,1013.61,158.65,506.04,585.27,0.6229,-1,-1,-1
283,-1,723.21,348.35,180.63,365.48,0.4807,-1,-1,-1
284,-1,14.09,433.98,390.50,547.38,0.8092,-1,-1,-1
284,-1,353.88,427.68,370.61,314.99,0.7919,-1,-1,-1
284,-1,736.82,352.37,172.56,346.99,0.7015,-1,-1,-1
284,-1,1041.56,142.40,477.06,579.40,0.5397,-1,-1,-1
285,-1,385.26,424.60,357.18,309.28,0.8561,-1,-1,-1
285,-1,9.16,433.48,411.42,519.33,0.7770,-1,-1,-1
285,-1,1052.63,133.67,398.98,544.61,0.6756,-1,-1,-1
285,-1,747.57,358.66,172.83,333.55,0.3309,-1,-1,-1
286,-1,388.61,423.93,371.40,309.23,0.8613,-1,-1,-1
286,-1,12.14,432.28,407.07,510.65,0.8305,-1,-1,-1
286,-1,1071.41,120.30,435.95,560.66,0.5273,-1,-1,-1
287,-1,1089.74,106.51,405.81,556.66,0.8053,-1,-1,-1
287,-1,391.00,423.69,387.75,305.10,0.7862,-1,-1,-1
287,-1,11.77,432.14,438.63,523.92,0.7720,-1,-1,-1
288,-1,419.12,416.78,368.39,304.81,0.8534,-1,-1,-1
288,-1,1096.31,87.67,424.88,561.90,0.7232,-1,-1,-1
288,-1,17.20,479.15,444.35,493.99,0.5421,-1,-1,-1
289,-1,422.86,414.24,381.56,307.35,0.8162,-1,-1,-1
289,-1,1102.52,74.37,432.64,562.22,0.6980,-1,-1,-1
289,-1,40.05,438.32,424.50,513.69,0.5760,-1,-1,-1
290,-1,1120.49,62.05,395.30,565.70,0.7991,-1,-1,-1
290,-1,50.97,436.10,421.33,509.56,0.7973,-1,-1,-1
290,-1,417.34,406.74,398.16,313.16,0.7456,-1,-1,-1
291,-1,1128.41,45.93,406.18,569.91,0.7772,-1,-1,-1
291,-1,51.88,407.34,441.75,524.21,0.7693,-1,-1,-1
291,-1,424.78,376.11,404.92,332.07,0.7060,-1,-1,-1
292,-1,439.34,386.71,400.56,309.88,0.8710,-1,-1,-1
292,-1,81.35,401.22,429.85,542.84,0.7058,-1,-1,-1
292,-1,1134.54,25.65,407.61,577.42,0.6944,-1,-1,-1
293,-1,464.73,379.51,387.97,316.34,0.8829,-1,-1,-1
293,-1,97.09,393.79,425.37,520.55,0.8315,-1,-1,-1
293,-1,1144.28,15.46,443.85,592.20,0.7076,-1,-1,-1
294,-1,480.56,376.14,381.24,318.60,0.8609,-1,-1,-1
294,-1,100.40,399.63,430.62,520.41,0.8150,-1,-1,-1
294,-1,1158.68,7.92,446.27,601.21,0.6903,-1,-1,-1
295,-1,490.32,386.39,384.80,311.41,0.8771,-1,-1,-1
295,-1,1179.82,11.33,401.63,590.51,0.7758,-1,-1,-1
295,-1,107.32,396.38,436.93,519.30,0.7611,-1,-1,-1
295,-1,0.00,895.60,115.44,184.40,0.3281,-1,-1,-1
295,-1,423.65,470.32,223.42,486.36,0.3092,-1,-1,-1
296,-1,507.56,384.18,369.42,317.04,0.8951,-1,-1,-1
296,-1,105.08,404.52,443.34,525.25,0.7389,-1,-1,-1
296,-1,1180.97,17.05,423.22,584.19,0.6222,-1,-1,-1
296,-1,0.00,934.63,116.67,145.37,0.3453,-1,-1,-1
297,-1,503.01,377.03,384.40,324.05,0.8954,-1,-1,-1
297,-1,1188.18,17.26,436.42,591.49,0.7318,-1,-1,-1
297,-1,127.83,390.79,430.35,519.63,0.7168,-1,-1,-1
298,-1,527.50,372.40,371.34,327.68,0.8695,-1,-1,-1
298,-1,146.74,384.58,424.48,535.79,0.8057,-1,-1,-1
298,-1,1205.60,12.78,443.14,585.47,0.7065,-1,-1,-1
299,-1,555.24,367.11,352.63,330.54,0.8805,-1,-1,-1
299,-1,152.51,378.80,426.81,544.46,0.8247,-1,-1,-1
299,-1,1217.89,9.48,480.26,593.89,0.6774,-1,-1,-1
300,-1,560.51,365.11,359.14,332.91,0.8918,-1,-1,-1
300,-1,160.44,371.03,429.21,550.07,0.8044,-1,-1,-1
300,-1,1224.62,15.50,486.45,579.49,0.7177,-1,-1,-1
