1,-1,570.73,72.80,149.53,236.54,0.8891,-1,-1,-1
1,-1,303.38,155.21,122.91,238.19,0.8689,-1,-1,-1
1,-1,415.14,140.12,153.01,270.14,0.8426,-1,-1,-1
1,-1,1079.52,126.53,174.30,338.25,0.7891,-1,-1,-1
1,-1,12.96,96.50,244.12,296.30,0.5800,-1,-1,-1
1,-1,1207.63,122.20,72.37,284.00,0.4609,-1,-1,-1
2,-1,596.13,58.77,147.89,235.19,0.9027,-1,-1,-1
2,-1,326.41,141.35,121.06,242.55,0.8454,-1,-1,-1
2,-1,1109.53,124.89,169.53,323.79,0.8213,-1,-1,-1
2,-1,34.46,82.95,258.39,288.21,0.7580,-1,-1,-1
2,-1,962.97,289.76,90.53,106.53,0.6806,-1,-1,-1
2,-1,443.31,118.56,153.16,285.13,0.6542,-1,-1,-1
3,-1,617.02,47.52,149.90,233.24,0.9113,-1,-1,-1
3,-1,341.52,114.48,124.74,253.28,0.8636,-1,-1,-1
3,-1,1125.29,119.15,154.71,335.66,0.8207,-1,-1,-1
3,-1,1022.70,161.90,127.02,169.59,0.7444,-1,-1,-1
3,-1,53.19,60.40,247.02,292.85,0.7412,-1,-1,-1
3,-1,450.33,105.11,156.26,275.25,0.7023,-1,-1,-1
3,-1,963.82,281.69,87.42,108.96,0.6571,-1,-1,-1
3,-1,746.06,289.82,53.31,86.44,0.5949,-1,-1,-1
3,-1,0.25,37.51,53.39,321.66,0.3746,-1,-1,-1
4,-1,633.40,57.97,144.75,229.51,0.9172,-1,-1,-1
4,-1,1035.93,170.01,122.91,172.04,0.8345,-1,-1,-1
4,-1,359.19,122.77,122.01,252.12,0.8035,-1,-1,-1
4,-1,1138.31,121.35,141.69,344.59,0.7939,-1,-1,-1
4,-1,479.63,112.33,147.38,290.65,0.7042,-1,-1,-1
4,-1,80.36,63.97,235.24,294.81,0.5416,-1,-1,-1
4,-1,0.34,12.59,74.56,360.72,0.4453,-1,-1,-1
4,-1,961.19,294.57,84.61,107.22,0.4336,-1,-1,-1
5,-1,643.09,79.09,142.66,227.88,0.9175,-1,-1,-1
5,-1,368.86,133.20,121.65,260.84,0.8659,-1,-1,-1
5,-1,475.68,130.50,153.11,286.47,0.8531,-1,-1,-1
5,-1,1132.03,147.17,147.97,336.12,0.8246,-1,-1,-1
5,-1,108.32,87.29,211.13,298.27,0.7670,-1,-1,-1
5,-1,0.77,38.96,95.03,498.78,0.3260,-1,-1,-1
6,-1,660.05,84.88,146.47,232.30,0.9177,-1,-1,-1
6,-1,1135.74,160.47,144.26,332.81,0.8112,-1,-1,-1
6,-1,487.23,138.33,159.27,288.19,0.7825,-1,-1,-1
6,-1,382.30,154.07,123.22,244.41,0.7632,-1,-1,-1
6,-1,158.05,126.43,185.75,287.80,0.7602,-1,-1,-1
6,-1,1.10,8.15,145.90,448.61,0.6428,-1,-1,-1
6,-1,837.56,324.04,53.89,47.82,0.5055,-1,-1,-1
6,-1,953.10,318.27,72.34,109.43,0.4443,-1,-1,-1
7,-1,691.15,84.30,149.09,226.07,0.8980,-1,-1,-1
7,-1,527.00,143.36,154.95,279.56,0.7956,-1,-1,-1
7,-1,405.13,149.28,143.06,249.33,0.7620,-1,-1,-1
7,-1,206.68,149.97,178.56,274.36,0.7518,-1,-1,-1
7,-1,1177.14,169.45,102.86,301.20,0.4448,-1,-1,-1
7,-1,0.37,0.00,198.03,460.04,0.4009,-1,-1,-1
8,-1,730.86,93.09,152.06,224.32,0.9342,-1,-1,-1
8,-1,575.45,156.84,143.01,285.26,0.8660,-1,-1,-1
8,-1,450.20,163.77,146.55,251.56,0.8319,-1,-1,-1
8,-1,1132.20,120.77,147.64,348.94,0.6957,-1,-1,-1
8,-1,8.88,16.13,258.68,476.06,0.5674,-1,-1,-1
8,-1,262.54,161.37,169.77,251.48,0.5027,-1,-1,-1
8,-1,1081.05,256.70,88.37,100.37,0.5005,-1,-1,-1
9,-1,771.48,109.11,152.72,228.62,0.9258,-1,-1,-1
9,-1,1120.79,194.29,157.45,185.91,0.8192,-1,-1,-1
9,-1,605.67,165.76,149.93,287.13,0.7347,-1,-1,-1
9,-1,485.10,189.68,154.83,248.27,0.7058,-1,-1,-1
9,-1,0.00,2.82,219.32,468.35,0.6718,-1,-1,-1
9,-1,318.10,173.03,181.34,281.67,0.6503,-1,-1,-1
10,-1,809.98,129.41,152.50,219.42,0.9247,-1,-1,-1
10,-1,657.66,187.15,127.75,275.05,0.8618,-1,-1,-1
10,-1,539.23,194.39,146.48,254.42,0.8347,-1,-1,-1
10,-1,380.17,196.96,162.33,268.04,0.8069,-1,-1,-1
10,-1,1193.45,204.26,86.55,161.21,0.6343,-1,-1,-1
10,-1,0.00,6.39,314.92,465.97,0.5527,-1,-1,-1
10,-1,219.77,210.96,193.21,278.06,0.5005,-1,-1,-1
11,-1,846.22,122.04,155.31,220.98,0.9060,-1,-1,-1
11,-1,694.05,180.83,129.71,279.41,0.8858,-1,-1,-1
11,-1,572.03,188.08,153.59,262.34,0.8734,-1,-1,-1
11,-1,0.00,319.61,72.65,168.10,0.8291,-1,-1,-1
11,-1,444.72,206.04,135.44,232.57,0.7314,-1,-1,-1
11,-1,1.91,9.56,418.81,468.60,0.6185,-1,-1,-1
11,-1,273.94,187.65,195.56,290.32,0.4292,-1,-1,-1
12,-1,724.79,168.42,120.46,276.93,0.8858,-1,-1,-1
12,-1,881.26,114.31,154.07,217.64,0.8740,-1,-1,-1
12,-1,612.37,176.21,150.50,261.42,0.8016,-1,-1,-1
12,-1,0.34,311.45,88.87,160.01,0.7272,-1,-1,-1
12,-1,49.68,4.49,465.95,446.56,0.4752,-1,-1,-1
13,-1,747.73,165.59,122.16,275.00,0.8924,-1,-1,-1
13,-1,6.78,296.85,85.77,155.32,0.8629,-1,-1,-1
13,-1,637.92,162.86,143.13,273.27,0.8459,-1,-1,-1
13,-1,909.74,109.62,156.73,224.87,0.8262,-1,-1,-1
13,-1,81.12,289.91,69.81,170.56,0.7006,-1,-1,-1
13,-1,121.20,7.03,392.06,441.74,0.4666,-1,-1,-1
13,-1,0.16,56.84,91.77,198.03,0.4639,-1,-1,-1
14,-1,936.72,94.11,158.08,217.03,0.8923,-1,-1,-1
14,-1,26.50,280.95,85.87,165.13,0.8672,-1,-1,-1
14,-1,768.02,149.74,124.12,277.86,0.8338,-1,-1,-1
14,-1,657.93,143.94,149.04,267.62,0.7067,-1,-1,-1
14,-1,256.12,8.46,404.74,425.75,0.5775,-1,-1,-1
14,-1,102.32,297.75,63.68,78.58,0.3492,-1,-1,-1
15,-1,971.75,81.28,154.14,223.82,0.8872,-1,-1,-1
15,-1,685.99,138.29,146.67,272.59,0.8393,-1,-1,-1
15,-1,797.41,139.62,122.10,279.88,0.8167,-1,-1,-1
15,-1,100.37,270.05,84.81,156.27,0.6188,-1,-1,-1
15,-1,171.55,375.17,115.36,131.68,0.5264,-1,-1,-1
15,-1,203.13,0.60,462.71,424.16,0.4124,-1,-1,-1
15,-1,1195.43,302.18,62.15,58.55,0.3455,-1,-1,-1
15,-1,100.56,269.52,40.04,161.14,0.3288,-1,-1,-1
16,-1,985.94,76.49,164.96,224.62,0.9183,-1,-1,-1
16,-1,817.84,138.12,123.77,285.14,0.8768,-1,-1,-1
16,-1,705.74,132.46,150.64,275.90,0.8555,-1,-1,-1
16,-1,1209.66,304.38,64.08,56.37,0.5261,-1,-1,-1
16,-1,470.94,153.05,210.11,280.68,0.5256,-1,-1,-1
16,-1,214.30,0.00,445.61,430.18,0.5038,-1,-1,-1
17,-1,1008.39,58.14,162.54,227.57,0.9224,-1,-1,-1
17,-1,829.46,119.13,133.80,287.10,0.8382,-1,-1,-1
17,-1,727.29,115.87,147.64,287.31,0.7326,-1,-1,-1
17,-1,262.67,0.85,464.21,423.94,0.4816,-1,-1,-1
18,-1,1030.68,53.52,163.86,225.52,0.8991,-1,-1,-1
18,-1,859.84,120.86,125.61,279.06,0.8675,-1,-1,-1
18,-1,750.99,114.84,145.95,285.08,0.7595,-1,-1,-1
18,-1,317.39,0.63,421.38,426.83,0.6292,-1,-1,-1
19,-1,889.11,138.50,122.43,275.71,0.8829,-1,-1,-1
19,-1,1063.55,62.57,165.39,230.98,0.8590,-1,-1,-1
19,-1,782.46,138.28,146.82,275.96,0.8290,-1,-1,-1
19,-1,259.47,407.52,81.46,128.59,0.7228,-1,-1,-1
19,-1,344.58,4.18,449.53,431.95,0.6529,-1,-1,-1
19,-1,216.63,289.71,52.33,57.87,0.5630,-1,-1,-1
20,-1,1107.06,52.94,167.87,232.27,0.8922,-1,-1,-1
20,-1,822.85,121.87,146.23,280.03,0.8623,-1,-1,-1
20,-1,927.71,122.70,118.79,282.07,0.8002,-1,-1,-1
20,-1,288.43,390.96,88.68,130.06,0.7970,-1,-1,-1
20,-1,411.57,4.71,414.05,413.67,0.7915,-1,-1,-1
20,-1,196.39,270.14,58.76,137.89,0.7225,-1,-1,-1
20,-1,239.51,278.64,63.09,61.18,0.3259,-1,-1,-1
21,-1,1132.57,56.18,147.21,242.06,0.8877,-1,-1,-1
21,-1,850.67,125.17,143.20,281.96,0.8515,-1,-1,-1
21,-1,952.99,124.27,121.01,289.13,0.8514,-1,-1,-1
21,-1,140.57,226.42,96.18,180.81,0.7662,-1,-1,-1
21,-1,472.08,1.95,400.50,413.93,0.7474,-1,-1,-1
21,-1,256.00,275.65,59.80,53.26,0.7458,-1,-1,-1
21,-1,209.82,259.55,62.12,147.76,0.4188,-1,-1,-1
22,-1,126.63,229.06,146.95,233.99,0.8747,-1,-1,-1
22,-1,1155.01,72.58,124.74,239.30,0.8630,-1,-1,-1
22,-1,873.85,134.47,140.80,274.82,0.8404,-1,-1,-1
22,-1,970.11,135.34,120.62,287.50,0.8102,-1,-1,-1
22,-1,552.21,9.39,375.91,424.40,0.7263,-1,-1,-1
22,-1,259.30,280.46,65.06,56.10,0.3530,-1,-1,-1
23,-1,1163.69,80.49,116.20,247.65,0.8763,-1,-1,-1
23,-1,146.62,253.94,120.55,224.22,0.8634,-1,-1,-1
23,-1,981.27,158.01,116.30,269.58,0.8382,-1,-1,-1
23,-1,896.07,154.57,139.59,268.06,0.8334,-1,-1,-1
23,-1,575.22,12.27,390.18,440.65,0.7572,-1,-1,-1
23,-1,0.00,205.06,80.90,177.29,0.5260,-1,-1,-1
23,-1,262.08,289.51,67.45,56.40,0.4116,-1,-1,-1
24,-1,1180.18,101.75,99.73,238.74,0.9026,-1,-1,-1
24,-1,991.17,163.13,118.76,282.30,0.7662,-1,-1,-1
24,-1,595.86,9.13,398.65,444.75,0.5933,-1,-1,-1
24,-1,456.42,322.14,44.49,102.09,0.3868,-1,-1,-1
24,-1,925.82,167.08,142.89,279.20,0.3494,-1,-1,-1
24,-1,0.35,237.73,92.72,176.23,0.3326,-1,-1,-1
25,-1,1177.26,109.90,102.35,240.42,0.8947,-1,-1,-1
25,-1,0.18,226.50,101.41,198.76,0.8118,-1,-1,-1
25,-1,1001.58,187.28,116.57,271.05,0.8080,-1,-1,-1
25,-1,1157.20,350.15,92.22,101.50,0.7340,-1,-1,-1
25,-1,630.30,5.74,426.31,464.92,0.7204,-1,-1,-1
26,-1,1176.00,118.46,103.82,247.74,0.8701,-1,-1,-1
26,-1,0.09,240.59,106.43,178.10,0.7805,-1,-1,-1
26,-1,698.93,3.13,405.94,470.10,0.6822,-1,-1,-1
26,-1,1138.83,359.08,91.00,101.31,0.4269,-1,-1,-1
27,-1,1201.60,136.76,78.17,234.58,0.8192,-1,-1,-1
27,-1,788.82,2.72,373.14,493.23,0.6035,-1,-1,-1
27,-1,0.00,238.49,137.08,194.26,0.5906,-1,-1,-1
27,-1,675.25,362.63,106.89,63.60,0.4397,-1,-1,-1
28,-1,924.93,7.72,307.12,477.80,0.6400,-1,-1,-1
28,-1,805.22,8.17,237.66,462.09,0.4261,-1,-1,-1
28,-1,0.78,252.93,173.61,197.06,0.3501,-1,-1,-1
29,-1,874.90,0.00,237.68,464.01,0.7264,-1,-1,-1
29,-1,26.99,240.89,203.92,302.42,0.5776,-1,-1,-1
29,-1,1003.65,7.65,276.35,495.64,0.5765,-1,-1,-1
30,-1,755.67,341.83,83.17,99.45,0.7133,-1,-1,-1
30,-1,264.67,245.27,126.53,272.23,0.6601,-1,-1,-1
30,-1,0.08,214.73,79.08,138.60,0.6516,-1,-1,-1
30,-1,69.24,250.21,189.77,283.62,0.6156,-1,-1,-1
30,-1,505.64,262.41,88.56,147.68,0.6101,-1,-1,-1
30,-1,932.28,6.36,220.09,456.39,0.5936,-1,-1,-1
30,-1,1102.66,7.74,177.34,495.93,0.5846,-1,-1,-1
31,-1,112.66,229.28,186.39,284.91,0.7824,-1,-1,-1
31,-1,799.25,327.71,77.01,103.62,0.6202,-1,-1,-1
31,-1,1004.25,0.00,263.46,428.42,0.6096,-1,-1,-1
31,-1,0.22,197.01,113.88,212.84,0.5872,-1,-1,-1
31,-1,534.94,237.77,85.58,137.44,0.5534,-1,-1,-1
32,-1,560.47,227.91,84.43,138.28,0.7840,-1,-1,-1
32,-1,1015.50,102.10,193.88,333.94,0.7819,-1,-1,-1
32,-1,144.74,211.95,202.12,309.18,0.7389,-1,-1,-1
32,-1,947.49,334.51,70.67,98.85,0.7285,-1,-1,-1
32,-1,3.71,160.60,137.98,269.78,0.7013,-1,-1,-1
32,-1,816.33,324.41,66.48,106.82,0.6872,-1,-1,-1
32,-1,1112.21,0.00,167.79,439.73,0.4751,-1,-1,-1
33,-1,177.69,206.07,190.31,317.11,0.7679,-1,-1,-1
33,-1,976.05,319.16,77.83,99.61,0.7572,-1,-1,-1
33,-1,816.36,314.03,106.39,109.17,0.6524,-1,-1,-1
33,-1,1063.99,59.17,191.59,363.30,0.5960,-1,-1,-1
33,-1,20.24,139.90,158.05,264.87,0.4811,-1,-1,-1
33,-1,1176.94,0.00,103.06,403.66,0.4407,-1,-1,-1
34,-1,991.01,310.17,70.20,98.85,0.8524,-1,-1,-1
34,-1,817.11,300.03,122.45,109.89,0.8317,-1,-1,-1
34,-1,33.61,132.38,149.41,308.51,0.6171,-1,-1,-1
34,-1,200.49,210.55,192.11,303.18,0.5352,-1,-1,-1
34,-1,1097.35,13.51,177.06,386.27,0.5172,-1,-1,-1
34,-1,454.03,379.62,88.14,162.68,0.4692,-1,-1,-1
34,-1,1191.36,3.80,88.64,386.96,0.3926,-1,-1,-1
35,-1,48.31,134.84,130.69,312.17,0.8221,-1,-1,-1
35,-1,209.31,213.26,194.62,304.40,0.8167,-1,-1,-1
35,-1,990.41,332.13,68.59,97.37,0.7890,-1,-1,-1
35,-1,832.58,318.99,101.69,106.50,0.6865,-1,-1,-1
35,-1,1118.62,74.06,161.38,339.76,0.6754,-1,-1,-1
35,-1,683.83,292.63,51.53,100.13,0.4786,-1,-1,-1
35,-1,0.00,230.90,68.42,141.05,0.4605,-1,-1,-1
35,-1,375.21,204.66,175.40,271.63,0.4529,-1,-1,-1
35,-1,594.30,315.31,36.95,97.38,0.3712,-1,-1,-1
36,-1,982.16,339.46,70.71,98.94,0.8101,-1,-1,-1
36,-1,384.39,209.70,141.81,301.09,0.7230,-1,-1,-1
36,-1,232.45,224.88,187.60,295.40,0.7220,-1,-1,-1
36,-1,833.77,330.59,92.71,106.65,0.7120,-1,-1,-1
36,-1,1129.09,81.71,150.91,363.65,0.6582,-1,-1,-1
36,-1,36.36,141.01,151.38,315.38,0.5630,-1,-1,-1
36,-1,0.00,238.21,72.96,138.50,0.4719,-1,-1,-1
36,-1,675.36,290.23,57.68,117.91,0.4456,-1,-1,-1
37,-1,413.96,220.78,146.41,358.51,0.8751,-1,-1,-1
37,-1,980.72,342.41,69.64,101.80,0.8427,-1,-1,-1
37,-1,1130.99,85.06,149.01,364.95,0.8421,-1,-1,-1
37,-1,589.54,230.04,88.10,168.93,0.7494,-1,-1,-1
37,-1,36.18,158.99,151.71,265.00,0.7108,-1,-1,-1
37,-1,250.33,223.14,193.54,327.51,0.6314,-1,-1,-1
37,-1,809.29,328.17,111.28,111.57,0.6271,-1,-1,-1
37,-1,668.45,327.29,68.12,83.22,0.4711,-1,-1,-1
37,-1,1073.66,344.43,69.53,91.12,0.3430,-1,-1,-1
38,-1,972.68,350.11,77.31,99.94,0.7967,-1,-1,-1
38,-1,41.33,161.04,150.14,325.13,0.7854,-1,-1,-1
38,-1,431.38,239.66,156.62,350.26,0.7841,-1,-1,-1
38,-1,799.27,344.93,119.11,102.07,0.7451,-1,-1,-1
38,-1,1071.88,355.19,63.84,86.40,0.6142,-1,-1,-1
38,-1,915.72,352.42,72.29,113.17,0.5692,-1,-1,-1
38,-1,263.13,237.25,214.16,329.75,0.5615,-1,-1,-1
38,-1,1147.67,180.79,132.33,281.53,0.5075,-1,-1,-1
38,-1,0.23,261.14,75.18,121.21,0.4670,-1,-1,-1
39,-1,461.15,242.55,144.93,363.75,0.8928,-1,-1,-1
39,-1,314.42,250.35,188.40,350.48,0.8641,-1,-1,-1
39,-1,34.76,193.60,152.67,318.53,0.8415,-1,-1,-1
39,-1,970.29,360.07,69.79,95.84,0.8123,-1,-1,-1
39,-1,236.49,340.17,76.64,147.65,0.7864,-1,-1,-1
39,-1,795.16,356.62,112.00,99.96,0.7531,-1,-1,-1
39,-1,1159.80,188.40,120.20,283.22,0.7314,-1,-1,-1
39,-1,1068.00,356.21,66.12,90.54,0.6756,-1,-1,-1
39,-1,896.02,357.64,85.15,112.17,0.6102,-1,-1,-1
39,-1,478.57,0.00,113.96,35.75,0.5968,-1,-1,-1
39,-1,662.66,321.30,76.07,125.66,0.3049,-1,-1,-1
40,-1,982.49,353.06,63.64,91.39,0.8370,-1,-1,-1
40,-1,1069.19,351.63,58.84,86.34,0.7622,-1,-1,-1
40,-1,248.15,333.93,90.47,154.15,0.7523,-1,-1,-1
40,-1,48.23,202.30,156.57,310.04,0.7479,-1,-1,-1
40,-1,1186.56,170.14,93.44,283.89,0.7291,-1,-1,-1
40,-1,339.59,250.37,198.03,350.17,0.6633,-1,-1,-1
40,-1,835.05,347.83,74.50,101.20,0.6377,-1,-1,-1
40,-1,491.86,0.00,129.20,35.17,0.5984,-1,-1,-1
40,-1,908.23,350.86,76.69,110.52,0.5390,-1,-1,-1
40,-1,489.89,225.41,161.66,313.27,0.5137,-1,-1,-1
40,-1,1149.19,324.49,81.32,109.37,0.3497,-1,-1,-1
41,-1,75.31,211.62,162.23,306.54,0.8662,-1,-1,-1
41,-1,1083.95,342.60,59.52,84.59,0.8207,-1,-1,-1
41,-1,851.68,343.98,69.38,95.46,0.8152,-1,-1,-1
41,-1,993.85,343.47,68.68,93.38,0.7875,-1,-1,-1
41,-1,311.00,297.86,112.60,175.47,0.7856,-1,-1,-1
41,-1,402.41,246.04,274.21,340.74,0.7381,-1,-1,-1
41,-1,0.00,216.22,51.84,205.67,0.5472,-1,-1,-1
41,-1,935.55,342.00,66.29,110.28,0.3765,-1,-1,-1
41,-1,1207.51,149.79,72.49,235.37,0.3597,-1,-1,-1
41,-1,532.33,84.04,112.73,151.25,0.3555,-1,-1,-1
41,-1,1195.83,274.83,83.69,181.76,0.3403,-1,-1,-1
42,-1,309.02,301.81,142.13,177.14,0.9051,-1,-1,-1
42,-1,451.32,247.37,266.10,342.15,0.8585,-1,-1,-1
42,-1,1017.90,339.82,63.28,91.54,0.8563,-1,-1,-1
42,-1,100.00,207.82,168.63,311.20,0.8535,-1,-1,-1
42,-1,1105.27,333.23,63.65,87.14,0.8268,-1,-1,-1
42,-1,0.00,206.29,86.07,221.71,0.7157,-1,-1,-1
42,-1,971.63,337.01,47.98,108.14,0.6220,-1,-1,-1
42,-1,1219.66,229.28,60.34,185.59,0.5783,-1,-1,-1
42,-1,867.55,343.44,69.73,97.24,0.4861,-1,-1,-1
43,-1,340.84,306.79,146.63,172.15,0.9077,-1,-1,-1
43,-1,137.91,208.93,163.75,315.18,0.8684,-1,-1,-1
43,-1,490.47,255.26,258.97,337.26,0.8638,-1,-1,-1
43,-1,1039.99,335.87,67.55,89.07,0.8592,-1,-1,-1
43,-1,991.71,335.51,53.49,108.24,0.7856,-1,-1,-1
43,-1,0.03,218.90,119.22,208.97,0.5389,-1,-1,-1
43,-1,1131.41,331.77,64.66,82.27,0.5029,-1,-1,-1
44,-1,1.55,233.65,139.07,254.59,0.9000,-1,-1,-1
44,-1,371.35,307.48,148.31,169.18,0.8582,-1,-1,-1
44,-1,527.40,255.91,244.79,333.30,0.8434,-1,-1,-1
44,-1,1058.21,339.27,70.58,93.07,0.8422,-1,-1,-1
44,-1,179.97,209.50,149.54,310.33,0.8294,-1,-1,-1
44,-1,546.39,477.27,67.73,120.88,0.6432,-1,-1,-1
44,-1,1009.03,338.64,54.21,112.26,0.5858,-1,-1,-1
44,-1,1150.69,342.88,55.70,82.52,0.3613,-1,-1,-1
45,-1,4.10,217.33,167.00,274.67,0.8993,-1,-1,-1
45,-1,202.24,197.63,152.77,317.92,0.8717,-1,-1,-1
45,-1,397.08,307.73,127.80,167.59,0.8494,-1,-1,-1
45,-1,555.29,245.70,253.82,347.72,0.8225,-1,-1,-1
45,-1,1080.46,346.12,66.26,96.21,0.8114,-1,-1,-1
45,-1,560.47,474.56,86.06,128.57,0.7353,-1,-1,-1
45,-1,1022.18,344.10,60.06,110.35,0.5460,-1,-1,-1
45,-1,1160.42,340.16,59.63,88.26,0.5390,-1,-1,-1
46,-1,223.97,196.57,153.26,312.15,0.8962,-1,-1,-1
46,-1,11.00,210.57,185.44,269.94,0.8770,-1,-1,-1
46,-1,419.95,300.32,112.71,169.80,0.8129,-1,-1,-1
46,-1,1103.30,328.18,68.86,94.74,0.8035,-1,-1,-1
46,-1,583.21,246.74,257.24,336.25,0.7742,-1,-1,-1
46,-1,588.10,466.64,81.48,129.20,0.6554,-1,-1,-1
46,-1,1050.75,326.98,54.14,110.31,0.5296,-1,-1,-1
46,-1,1180.06,322.94,70.59,76.00,0.4964,-1,-1,-1
47,-1,14.42,191.05,198.45,283.95,0.8665,-1,-1,-1
47,-1,241.80,171.70,160.07,320.73,0.8642,-1,-1,-1
47,-1,432.69,283.55,108.21,167.45,0.8607,-1,-1,-1
47,-1,595.05,437.69,84.92,146.19,0.8174,-1,-1,-1
47,-1,1114.15,317.18,70.50,92.40,0.7918,-1,-1,-1
47,-1,606.10,220.10,264.21,348.96,0.7449,-1,-1,-1
47,-1,535.97,372.71,65.91,128.36,0.6528,-1,-1,-1
47,-1,526.00,298.09,53.47,62.49,0.3705,-1,-1,-1
47,-1,1182.58,304.04,73.56,85.51,0.3239,-1,-1,-1
48,-1,255.56,167.21,155.04,312.94,0.8743,-1,-1,-1
48,-1,602.70,436.00,86.60,145.88,0.8339,-1,-1,-1
48,-1,442.39,280.57,128.52,166.27,0.8247,-1,-1,-1
48,-1,14.93,174.83,205.87,275.99,0.7762,-1,-1,-1
48,-1,539.18,366.76,60.04,143.09,0.7590,-1,-1,-1
48,-1,624.81,211.03,262.22,352.57,0.7389,-1,-1,-1
48,-1,1187.86,319.23,62.24,90.35,0.5404,-1,-1,-1
48,-1,1112.77,333.97,66.07,94.69,0.3125,-1,-1,-1
49,-1,268.38,153.85,150.42,327.93,0.8538,-1,-1,-1
49,-1,444.83,277.48,118.21,172.04,0.8347,-1,-1,-1
49,-1,640.13,216.96,263.50,332.54,0.7724,-1,-1,-1
49,-1,25.58,158.81,211.45,294.57,0.7685,-1,-1,-1
49,-1,1178.09,325.37,65.35,91.80,0.6792,-1,-1,-1
49,-1,604.42,429.11,82.88,144.82,0.5537,-1,-1,-1
49,-1,541.20,360.07,71.17,146.06,0.5066,-1,-1,-1
50,-1,461.84,279.29,121.87,170.09,0.8702,-1,-1,-1
50,-1,292.75,144.49,140.87,332.32,0.8125,-1,-1,-1
50,-1,1107.12,330.52,69.81,90.83,0.7994,-1,-1,-1
50,-1,609.46,431.12,87.71,140.21,0.6838,-1,-1,-1
50,-1,541.68,372.44,64.38,140.75,0.6690,-1,-1,-1
50,-1,685.89,209.77,232.86,344.28,0.6656,-1,-1,-1
50,-1,18.92,160.96,224.60,386.47,0.6147,-1,-1,-1
51,-1,472.11,279.76,114.83,166.34,0.8290,-1,-1,-1
51,-1,35.63,151.83,222.63,348.75,0.8269,-1,-1,-1
51,-1,297.21,148.30,156.68,333.08,0.8170,-1,-1,-1
51,-1,722.86,201.78,234.08,339.60,0.7714,-1,-1,-1
51,-1,619.28,425.42,90.38,137.82,0.7435,-1,-1,-1
51,-1,1106.49,319.44,71.95,94.87,0.7344,-1,-1,-1
51,-1,548.17,368.88,70.85,141.91,0.4547,-1,-1,-1
52,-1,343.68,177.34,129.19,303.50,0.8762,-1,-1,-1
52,-1,485.28,262.86,116.59,184.75,0.8559,-1,-1,-1
52,-1,56.24,153.41,218.51,394.74,0.8340,-1,-1,-1
52,-1,754.03,218.54,246.46,332.95,0.7637,-1,-1,-1
52,-1,629.23,426.77,88.44,139.70,0.7336,-1,-1,-1
52,-1,253.52,205.07,130.00,264.58,0.5748,-1,-1,-1
52,-1,1178.52,316.13,89.99,92.77,0.4286,-1,-1,-1
52,-1,1121.40,318.62,63.32,103.31,0.3599,-1,-1,-1
53,-1,377.11,188.40,119.95,292.93,0.9123,-1,-1,-1
53,-1,642.63,428.16,96.44,142.97,0.8628,-1,-1,-1
53,-1,796.48,201.57,237.82,341.03,0.7880,-1,-1,-1
53,-1,75.49,142.37,223.11,367.82,0.7626,-1,-1,-1
53,-1,505.42,280.39,105.45,167.80,0.7297,-1,-1,-1
53,-1,1124.28,330.61,63.72,90.11,0.5053,-1,-1,-1
53,-1,272.28,191.66,137.89,273.02,0.4812,-1,-1,-1
54,-1,403.72,185.91,121.81,306.57,0.8822,-1,-1,-1
54,-1,657.25,428.75,95.06,142.90,0.8696,-1,-1,-1
54,-1,97.51,167.15,224.19,330.30,0.7424,-1,-1,-1
54,-1,848.60,225.18,250.18,322.42,0.6631,-1,-1,-1
54,-1,559.53,392.66,56.47,123.32,0.5544,-1,-1,-1
55,-1,437.30,190.03,120.51,295.64,0.9075,-1,-1,-1
55,-1,685.15,427.44,93.92,143.87,0.9052,-1,-1,-1
55,-1,897.42,187.87,266.42,341.66,0.7285,-1,-1,-1
55,-1,117.78,159.26,244.59,402.49,0.6945,-1,-1,-1
56,-1,468.22,174.30,130.93,297.22,0.9149,-1,-1,-1
56,-1,717.08,406.25,92.72,149.91,0.8807,-1,-1,-1
56,-1,838.32,205.97,102.43,162.32,0.8174,-1,-1,-1
56,-1,947.30,199.35,291.60,330.00,0.7947,-1,-1,-1
56,-1,184.18,150.13,229.99,409.98,0.7106,-1,-1,-1
57,-1,500.49,164.25,127.73,299.48,0.9111,-1,-1,-1
57,-1,728.83,402.67,98.62,147.25,0.9057,-1,-1,-1
57,-1,987.00,158.15,292.71,363.22,0.7840,-1,-1,-1
57,-1,856.49,203.74,124.16,161.06,0.6956,-1,-1,-1
57,-1,239.17,135.73,204.66,392.17,0.6694,-1,-1,-1
57,-1,183.44,239.56,190.18,313.49,0.3209,-1,-1,-1
58,-1,523.98,154.70,130.68,297.81,0.9116,-1,-1,-1
58,-1,746.25,397.95,100.93,139.60,0.9081,-1,-1,-1
58,-1,1002.88,0.00,147.31,156.88,0.6934,-1,-1,-1
58,-1,1028.94,134.12,249.22,380.83,0.6507,-1,-1,-1
58,-1,273.01,116.35,205.71,383.62,0.5535,-1,-1,-1
58,-1,184.98,197.38,241.71,340.70,0.4581,-1,-1,-1
59,-1,548.43,152.46,126.31,306.23,0.9136,-1,-1,-1
59,-1,764.85,398.83,100.90,144.12,0.9136,-1,-1,-1
59,-1,155.28,379.52,75.31,137.28,0.8125,-1,-1,-1
59,-1,1057.26,141.13,221.30,394.04,0.7041,-1,-1,-1
59,-1,284.18,113.20,212.44,378.90,0.6638,-1,-1,-1
59,-1,205.76,248.33,198.22,281.98,0.5820,-1,-1,-1
59,-1,1026.54,0.00,137.52,156.10,0.4137,-1,-1,-1
60,-1,567.45,154.79,129.64,303.11,0.9122,-1,-1,-1
60,-1,785.47,400.09,107.73,148.40,0.9110,-1,-1,-1
60,-1,168.69,386.21,79.81,135.96,0.7993,-1,-1,-1
60,-1,1053.26,0.00,127.61,158.96,0.7570,-1,-1,-1
60,-1,0.00,297.50,78.82,64.87,0.7302,-1,-1,-1
60,-1,296.61,121.73,214.33,397.33,0.5306,-1,-1,-1
60,-1,234.19,254.37,223.57,284.17,0.4963,-1,-1,-1
60,-1,1079.88,131.38,198.14,407.64,0.3601,-1,-1,-1
61,-1,590.57,155.15,136.88,300.74,0.9101,-1,-1,-1
61,-1,808.32,398.03,104.79,152.99,0.8528,-1,-1,-1
61,-1,3.40,299.58,100.73,74.54,0.8345,-1,-1,-1
61,-1,190.69,382.09,77.32,134.98,0.7640,-1,-1,-1
61,-1,1083.16,0.00,138.06,157.37,0.7156,-1,-1,-1
61,-1,365.67,137.18,171.27,375.81,0.6719,-1,-1,-1
61,-1,262.94,255.34,189.65,287.18,0.6017,-1,-1,-1
61,-1,1060.96,241.59,62.22,91.87,0.5569,-1,-1,-1
61,-1,1126.54,118.01,152.75,375.31,0.5033,-1,-1,-1
61,-1,80.74,308.47,56.71,144.94,0.3797,-1,-1,-1
62,-1,622.33,164.39,122.20,289.11,0.9136,-1,-1,-1
62,-1,820.90,407.42,102.77,149.16,0.9115,-1,-1,-1
62,-1,1115.31,0.00,149.76,169.30,0.8315,-1,-1,-1
62,-1,1069.17,257.45,68.67,89.16,0.7999,-1,-1,-1
62,-1,50.67,287.06,100.60,175.69,0.6408,-1,-1,-1
62,-1,286.01,245.63,205.30,292.19,0.6128,-1,-1,-1
62,-1,201.74,374.20,70.11,134.32,0.5906,-1,-1,-1
62,-1,377.94,112.88,187.30,389.40,0.4262,-1,-1,-1
62,-1,1156.80,123.17,123.20,351.52,0.4252,-1,-1,-1
63,-1,650.45,162.27,119.09,290.73,0.9218,-1,-1,-1
63,-1,837.25,404.85,97.89,151.27,0.8841,-1,-1,-1
63,-1,206.02,377.73,75.44,131.92,0.8272,-1,-1,-1
63,-1,1079.80,253.66,66.64,87.22,0.7982,-1,-1,-1
63,-1,1145.94,0.71,132.86,166.16,0.7892,-1,-1,-1
63,-1,399.83,110.07,195.19,372.43,0.6551,-1,-1,-1
63,-1,53.50,279.70,115.80,161.77,0.6518,-1,-1,-1
63,-1,315.08,242.51,194.95,294.30,0.5834,-1,-1,-1
64,-1,658.22,171.06,121.15,298.27,0.9316,-1,-1,-1
64,-1,832.52,420.26,98.91,147.76,0.8879,-1,-1,-1
64,-1,184.61,385.05,82.58,133.99,0.8413,-1,-1,-1
64,-1,1065.25,270.81,65.21,87.78,0.8159,-1,-1,-1
64,-1,1155.84,44.52,123.37,137.11,0.8085,-1,-1,-1
64,-1,43.51,293.50,114.80,147.57,0.7880,-1,-1,-1
64,-1,1180.20,165.42,99.42,251.33,0.7546,-1,-1,-1
64,-1,578.31,108.52,122.81,138.27,0.7318,-1,-1,-1
64,-1,426.17,121.03,184.01,352.96,0.6020,-1,-1,-1
64,-1,326.21,238.43,202.10,306.37,0.5052,-1,-1,-1
65,-1,687.77,177.51,126.33,296.03,0.9254,-1,-1,-1
65,-1,851.35,420.81,97.68,145.35,0.9144,-1,-1,-1
65,-1,193.30,390.69,85.90,136.03,0.8320,-1,-1,-1
65,-1,1071.16,275.29,67.63,97.06,0.8172,-1,-1,-1
65,-1,54.00,289.79,115.18,169.34,0.7852,-1,-1,-1
65,-1,1180.95,39.40,98.52,136.03,0.7214,-1,-1,-1
65,-1,1208.45,193.98,71.34,222.50,0.5484,-1,-1,-1
65,-1,353.47,232.88,207.47,316.84,0.4169,-1,-1,-1
65,-1,429.68,137.53,214.04,379.10,0.3096,-1,-1,-1
66,-1,725.95,173.65,133.57,299.90,0.9163,-1,-1,-1
66,-1,882.67,421.36,95.74,144.97,0.9137,-1,-1,-1
66,-1,1096.93,268.48,62.75,109.11,0.8542,-1,-1,-1
66,-1,85.10,304.14,105.41,182.61,0.8343,-1,-1,-1
66,-1,223.80,394.32,80.09,134.62,0.8239,-1,-1,-1
66,-1,1218.79,39.79,60.79,128.87,0.6755,-1,-1,-1
66,-1,410.75,189.82,256.74,363.54,0.4985,-1,-1,-1
66,-1,0.00,219.28,27.05,140.40,0.3622,-1,-1,-1
67,-1,916.58,417.89,99.83,141.62,0.9246,-1,-1,-1
67,-1,768.20,167.44,132.70,304.09,0.9136,-1,-1,-1
67,-1,130.23,314.36,80.52,166.68,0.8470,-1,-1,-1
67,-1,1120.97,263.28,67.82,117.52,0.8203,-1,-1,-1
67,-1,243.40,395.95,83.18,141.11,0.7229,-1,-1,-1
67,-1,448.88,224.62,216.66,333.51,0.4502,-1,-1,-1
68,-1,805.75,167.02,135.62,306.48,0.9222,-1,-1,-1
68,-1,942.26,421.96,102.61,145.02,0.9132,-1,-1,-1
68,-1,134.71,304.94,94.95,177.08,0.8493,-1,-1,-1
68,-1,265.74,402.38,73.31,139.53,0.8245,-1,-1,-1
68,-1,0.00,250.93,78.40,105.96,0.6316,-1,-1,-1
68,-1,489.91,289.91,207.96,272.50,0.6150,-1,-1,-1
68,-1,1137.19,264.53,69.50,136.08,0.4687,-1,-1,-1
68,-1,764.24,361.60,77.62,146.69,0.3687,-1,-1,-1
68,-1,579.43,199.54,210.14,248.47,0.3481,-1,-1,-1
69,-1,838.90,158.52,147.53,308.09,0.9098,-1,-1,-1
69,-1,971.32,415.33,111.24,143.18,0.8994,-1,-1,-1
69,-1,299.24,403.36,65.50,134.37,0.8410,-1,-1,-1
69,-1,149.63,317.62,100.09,153.41,0.8282,-1,-1,-1
69,-1,8.98,246.34,91.50,130.48,0.6735,-1,-1,-1
69,-1,605.96,113.40,284.10,194.43,0.6194,-1,-1,-1
69,-1,369.12,355.69,66.06,109.87,0.5465,-1,-1,-1
69,-1,555.06,230.28,260.43,323.09,0.5015,-1,-1,-1
69,-1,1159.55,255.13,66.41,131.58,0.4669,-1,-1,-1
70,-1,1007.06,410.92,104.75,144.02,0.9021,-1,-1,-1
70,-1,879.95,149.25,154.95,313.83,0.8774,-1,-1,-1
70,-1,327.48,405.00,61.25,134.41,0.8720,-1,-1,-1
70,-1,594.26,230.83,268.10,322.80,0.6495,-1,-1,-1
70,-1,129.98,317.71,147.40,137.94,0.6452,-1,-1,-1
70,-1,1186.70,245.07,68.49,138.06,0.6152,-1,-1,-1
70,-1,39.13,252.24,92.14,153.71,0.5579,-1,-1,-1
70,-1,630.42,105.09,302.93,202.40,0.4650,-1,-1,-1
70,-1,402.31,392.52,49.18,74.40,0.4531,-1,-1,-1
71,-1,924.60,148.16,155.63,310.35,0.9016,-1,-1,-1
71,-1,348.55,404.25,62.61,134.88,0.8730,-1,-1,-1
71,-1,1045.91,411.97,107.18,140.55,0.7360,-1,-1,-1
71,-1,153.43,311.69,148.90,130.51,0.7233,-1,-1,-1
71,-1,1147.43,210.37,71.86,155.68,0.6123,-1,-1,-1
71,-1,631.50,243.42,267.20,306.69,0.5923,-1,-1,-1
71,-1,675.25,103.91,296.93,195.11,0.4351,-1,-1,-1
72,-1,563.91,373.42,78.67,78.89,0.8990,-1,-1,-1
72,-1,969.22,140.32,164.90,320.65,0.8887,-1,-1,-1
72,-1,371.19,392.87,61.42,136.82,0.8748,-1,-1,-1
72,-1,434.47,347.08,60.78,107.58,0.7338,-1,-1,-1
72,-1,183.20,308.37,122.90,118.72,0.6572,-1,-1,-1
72,-1,673.79,289.63,190.43,266.96,0.5532,-1,-1,-1
72,-1,0.21,325.51,57.65,90.48,0.4402,-1,-1,-1
72,-1,339.11,403.01,39.51,79.12,0.3729,-1,-1,-1
72,-1,1.42,241.00,103.36,141.53,0.3602,-1,-1,-1
72,-1,737.22,85.04,301.85,219.01,0.3104,-1,-1,-1
73,-1,1020.30,135.15,166.14,327.66,0.9074,-1,-1,-1
73,-1,598.91,370.54,71.19,73.56,0.8874,-1,-1,-1
73,-1,398.13,387.27,60.67,133.82,0.8648,-1,-1,-1
73,-1,1140.10,402.49,90.91,150.84,0.7904,-1,-1,-1
73,-1,129.44,221.99,89.07,186.45,0.7173,-1,-1,-1
73,-1,211.01,306.64,104.36,150.17,0.6749,-1,-1,-1
73,-1,731.70,64.17,353.25,223.87,0.6156,-1,-1,-1
73,-1,704.11,196.60,319.36,346.58,0.6156,-1,-1,-1
73,-1,510.76,323.43,57.95,96.73,0.5177,-1,-1,-1
73,-1,438.46,339.30,79.29,102.46,0.4918,-1,-1,-1
73,-1,1224.75,204.80,55.25,153.70,0.4670,-1,-1,-1
73,-1,263.37,310.20,86.50,137.56,0.4670,-1,-1,-1
73,-1,28.56,233.76,108.62,136.57,0.3105,-1,-1,-1
74,-1,425.55,375.01,58.23,131.86,0.8814,-1,-1,-1
74,-1,1068.46,109.19,180.55,340.17,0.8674,-1,-1,-1
74,-1,0.11,308.04,117.63,104.77,0.7791,-1,-1,-1
74,-1,756.37,251.23,202.14,283.64,0.7302,-1,-1,-1
74,-1,309.38,300.60,70.09,123.49,0.6988,-1,-1,-1
74,-1,243.70,295.15,100.82,157.43,0.6562,-1,-1,-1
74,-1,161.32,218.67,87.63,184.09,0.6246,-1,-1,-1
74,-1,700.15,363.85,65.23,72.64,0.6224,-1,-1,-1
74,-1,543.54,311.38,78.07,91.62,0.4715,-1,-1,-1
74,-1,535.68,319.32,47.24,92.38,0.4398,-1,-1,-1
74,-1,1197.50,386.77,80.89,153.71,0.4346,-1,-1,-1
74,-1,631.88,352.32,67.41,82.38,0.3912,-1,-1,-1
74,-1,63.40,218.54,104.71,143.49,0.3023,-1,-1,-1
75,-1,434.97,358.03,63.10,138.10,0.8935,-1,-1,-1
75,-1,173.00,194.68,99.06,262.11,0.8907,-1,-1,-1
75,-1,1108.27,85.98,171.24,349.08,0.8715,-1,-1,-1
75,-1,622.84,288.28,97.17,129.51,0.8403,-1,-1,-1
75,-1,258.84,280.01,95.09,177.07,0.7689,-1,-1,-1
75,-1,501.28,307.21,54.47,109.31,0.7095,-1,-1,-1
75,-1,0.79,288.14,130.70,110.11,0.6727,-1,-1,-1
75,-1,799.02,21.59,365.68,230.33,0.6064,-1,-1,-1
75,-1,789.81,206.31,207.67,325.66,0.5723,-1,-1,-1
75,-1,716.75,344.48,66.07,79.20,0.5668,-1,-1,-1
75,-1,319.75,283.85,74.59,127.47,0.5534,-1,-1,-1
75,-1,577.58,297.52,58.85,87.21,0.5416,-1,-1,-1
75,-1,549.95,325.41,39.01,68.80,0.4854,-1,-1,-1
75,-1,74.58,203.08,115.01,134.59,0.4004,-1,-1,-1
75,-1,1236.77,376.82,43.23,165.89,0.3670,-1,-1,-1
75,-1,521.58,319.57,65.30,82.26,0.3074,-1,-1,-1
76,-1,432.99,354.37,63.88,140.72,0.8754,-1,-1,-1
76,-1,632.64,281.37,89.91,141.50,0.8634,-1,-1,-1
76,-1,1128.18,76.61,151.82,382.28,0.7875,-1,-1,-1
76,-1,164.12,179.25,107.94,274.88,0.7606,-1,-1,-1
76,-1,0.00,279.48,131.94,111.49,0.6535,-1,-1,-1
76,-1,264.27,276.82,128.16,140.73,0.5672,-1,-1,-1
76,-1,495.20,306.34,57.82,108.68,0.5523,-1,-1,-1
76,-1,792.88,233.66,233.29,309.95,0.4656,-1,-1,-1
76,-1,792.55,109.01,347.08,456.15,0.4014,-1,-1,-1
77,-1,633.78,291.84,86.56,138.99,0.9034,-1,-1,-1
77,-1,426.35,366.96,62.54,137.29,0.8961,-1,-1,-1
77,-1,0.00,284.62,126.46,104.94,0.8470,-1,-1,-1
77,-1,717.55,341.32,62.25,97.04,0.8255,-1,-1,-1
77,-1,440.31,293.00,102.69,129.85,0.7615,-1,-1,-1
77,-1,254.17,277.56,132.49,141.80,0.7315,-1,-1,-1
77,-1,1142.15,84.86,137.85,416.12,0.6360,-1,-1,-1
77,-1,807.52,96.04,343.39,467.34,0.4838,-1,-1,-1
77,-1,536.55,327.12,42.15,77.03,0.4698,-1,-1,-1
77,-1,811.35,200.06,229.70,340.17,0.3206,-1,-1,-1
78,-1,401.36,383.86,65.37,139.90,0.8940,-1,-1,-1
78,-1,622.15,298.30,88.13,147.09,0.8904,-1,-1,-1
78,-1,0.33,305.52,98.57,84.28,0.7825,-1,-1,-1
78,-1,231.77,297.11,134.47,142.93,0.6936,-1,-1,-1
78,-1,1135.74,126.40,143.77,383.63,0.6709,-1,-1,-1
78,-1,702.44,378.31,62.34,76.76,0.5510,-1,-1,-1
78,-1,413.48,319.87,107.41,123.76,0.5104,-1,-1,-1
78,-1,835.98,81.66,322.53,501.26,0.4659,-1,-1,-1
78,-1,814.67,260.72,195.33,268.09,0.3437,-1,-1,-1
78,-1,135.93,321.22,102.24,149.13,0.3417,-1,-1,-1
79,-1,402.32,379.51,66.06,142.38,0.9190,-1,-1,-1
79,-1,627.50,290.41,99.43,150.71,0.8933,-1,-1,-1
79,-1,1158.56,118.87,121.29,344.94,0.8684,-1,-1,-1
79,-1,234.69,306.81,81.86,175.50,0.8217,-1,-1,-1
79,-1,710.64,348.45,67.37,103.60,0.8039,-1,-1,-1
79,-1,304.43,312.27,66.05,125.58,0.7536,-1,-1,-1
79,-1,49.45,192.06,198.27,170.71,0.7165,-1,-1,-1
79,-1,835.60,271.42,261.90,286.15,0.6368,-1,-1,-1
79,-1,8.64,305.29,96.68,69.55,0.5752,-1,-1,-1
79,-1,364.90,387.47,44.83,80.35,0.4215,-1,-1,-1
79,-1,172.02,355.94,68.65,123.72,0.4169,-1,-1,-1
79,-1,525.62,320.88,74.57,94.82,0.3037,-1,-1,-1
80,-1,398.61,384.42,65.40,143.84,0.9077,-1,-1,-1
80,-1,635.77,291.17,93.47,154.19,0.9009,-1,-1,-1
80,-1,228.62,308.44,86.82,180.31,0.8729,-1,-1,-1
80,-1,716.51,345.62,66.51,110.19,0.8266,-1,-1,-1
80,-1,2.12,301.82,102.74,62.76,0.8081,-1,-1,-1
80,-1,38.20,181.18,211.94,159.96,0.7540,-1,-1,-1
80,-1,507.94,319.61,88.82,95.35,0.5639,-1,-1,-1
80,-1,1177.07,117.88,102.93,351.08,0.5522,-1,-1,-1
80,-1,864.95,210.31,335.38,357.74,0.5316,-1,-1,-1
80,-1,295.76,314.04,81.54,126.64,0.4195,-1,-1,-1
81,-1,406.34,391.25,62.81,142.03,0.9239,-1,-1,-1
81,-1,645.13,292.18,100.45,153.70,0.8814,-1,-1,-1
81,-1,727.65,350.58,72.16,106.09,0.8552,-1,-1,-1
81,-1,243.62,308.86,83.03,185.52,0.8202,-1,-1,-1
81,-1,363.10,399.88,49.86,76.71,0.8082,-1,-1,-1
81,-1,0.00,309.11,103.40,51.35,0.6794,-1,-1,-1
81,-1,545.98,327.84,54.32,82.16,0.6565,-1,-1,-1
81,-1,927.59,230.34,282.56,323.18,0.6352,-1,-1,-1
81,-1,1191.53,113.96,88.47,435.13,0.6305,-1,-1,-1
81,-1,298.36,315.25,79.14,131.54,0.5915,-1,-1,-1
81,-1,145.83,308.02,106.29,177.07,0.5452,-1,-1,-1
81,-1,52.44,184.93,204.03,163.70,0.5404,-1,-1,-1
81,-1,510.56,359.48,40.85,69.41,0.5310,-1,-1,-1
81,-1,403.48,318.89,112.22,109.61,0.3985,-1,-1,-1
82,-1,411.62,400.95,65.36,140.54,0.9083,-1,-1,-1
82,-1,662.99,301.44,99.23,157.13,0.8680,-1,-1,-1
82,-1,371.38,415.30,43.86,68.69,0.8493,-1,-1,-1
82,-1,744.66,344.83,71.37,117.91,0.8276,-1,-1,-1
82,-1,252.95,324.21,80.87,182.09,0.8154,-1,-1,-1
82,-1,162.42,336.17,96.41,169.82,0.8062,-1,-1,-1
82,-1,295.70,318.02,94.55,140.14,0.7016,-1,-1,-1
82,-1,0.00,316.64,121.74,61.02,0.7002,-1,-1,-1
82,-1,82.33,206.82,185.36,161.29,0.6936,-1,-1,-1
82,-1,608.93,305.30,77.51,96.30,0.6595,-1,-1,-1
82,-1,960.98,236.37,295.63,321.70,0.5735,-1,-1,-1
83,-1,430.15,399.72,66.91,137.43,0.8954,-1,-1,-1
83,-1,770.58,340.15,66.24,115.68,0.8761,-1,-1,-1
83,-1,689.02,295.71,103.83,153.93,0.8686,-1,-1,-1
83,-1,271.16,324.51,82.38,175.53,0.7440,-1,-1,-1
83,-1,305.09,319.42,107.55,137.58,0.7356,-1,-1,-1
83,-1,0.64,322.35,152.81,76.25,0.7216,-1,-1,-1
83,-1,627.01,308.38,80.25,96.37,0.6737,-1,-1,-1
83,-1,186.80,313.10,104.72,188.77,0.5856,-1,-1,-1
83,-1,1041.15,232.36,235.10,318.46,0.5513,-1,-1,-1
83,-1,388.25,410.18,44.25,74.81,0.5325,-1,-1,-1
83,-1,429.35,323.16,107.41,122.85,0.5010,-1,-1,-1
83,-1,125.81,215.69,169.94,153.12,0.3839,-1,-1,-1
84,-1,451.90,380.85,67.95,142.29,0.9068,-1,-1,-1
84,-1,717.39,279.99,107.23,155.21,0.8845,-1,-1,-1
84,-1,795.00,324.37,69.92,116.31,0.8345,-1,-1,-1
84,-1,210.75,301.80,104.40,187.04,0.8176,-1,-1,-1
84,-1,914.92,275.41,83.40,99.34,0.7671,-1,-1,-1
84,-1,649.39,289.38,74.75,92.33,0.7097,-1,-1,-1
84,-1,315.46,296.56,122.88,143.93,0.6785,-1,-1,-1
84,-1,12.26,293.23,188.10,106.06,0.5494,-1,-1,-1
84,-1,1050.24,254.64,225.98,277.77,0.5241,-1,-1,-1
84,-1,1001.10,273.97,147.29,181.65,0.3956,-1,-1,-1
84,-1,151.10,193.50,187.43,172.85,0.3517,-1,-1,-1
84,-1,0.00,83.05,47.29,304.71,0.3324,-1,-1,-1
84,-1,303.06,331.47,76.15,160.74,0.3082,-1,-1,-1
85,-1,473.35,374.28,65.66,140.67,0.9041,-1,-1,-1
85,-1,738.97,279.36,137.20,157.63,0.8855,-1,-1,-1
85,-1,667.64,286.76,72.53,95.04,0.7833,-1,-1,-1
85,-1,1037.70,270.52,156.51,185.62,0.7489,-1,-1,-1
85,-1,172.36,188.94,191.19,153.54,0.7260,-1,-1,-1
85,-1,369.00,302.41,88.15,132.57,0.7065,-1,-1,-1
85,-1,45.50,290.30,176.80,114.30,0.6774,-1,-1,-1
85,-1,820.09,316.87,69.10,125.75,0.6360,-1,-1,-1
85,-1,1111.37,270.58,168.63,253.62,0.4469,-1,-1,-1
85,-1,237.57,295.02,102.68,178.31,0.3919,-1,-1,-1
85,-1,0.12,108.70,70.21,249.43,0.3545,-1,-1,-1
86,-1,768.30,285.50,132.23,159.71,0.9053,-1,-1,-1
86,-1,496.55,377.95,64.62,141.56,0.8998,-1,-1,-1
86,-1,265.43,302.69,102.34,173.75,0.8237,-1,-1,-1
86,-1,210.77,190.46,188.07,158.90,0.8101,-1,-1,-1
86,-1,396.48,305.20,81.47,133.01,0.8089,-1,-1,-1
86,-1,109.10,297.95,140.61,120.00,0.7806,-1,-1,-1
86,-1,1084.43,289.38,184.27,183.98,0.6659,-1,-1,-1
86,-1,587.79,320.09,89.33,90.16,0.5191,-1,-1,-1
86,-1,487.45,305.49,105.58,133.14,0.4015,-1,-1,-1
86,-1,846.66,360.78,69.04,89.87,0.3335,-1,-1,-1
87,-1,518.13,372.51,65.27,139.72,0.9059,-1,-1,-1
87,-1,797.68,278.02,116.62,161.08,0.8897,-1,-1,-1
87,-1,420.43,302.45,82.63,125.81,0.8420,-1,-1,-1
87,-1,297.55,303.14,96.13,168.19,0.8311,-1,-1,-1
87,-1,240.66,201.77,183.96,134.32,0.7992,-1,-1,-1
87,-1,146.39,295.69,136.00,119.60,0.7749,-1,-1,-1
87,-1,874.67,325.37,68.64,121.15,0.5766,-1,-1,-1
87,-1,1127.74,277.21,149.95,196.21,0.5517,-1,-1,-1
87,-1,704.40,288.67,88.30,90.69,0.5347,-1,-1,-1
87,-1,0.10,4.31,95.79,377.20,0.4620,-1,-1,-1
87,-1,508.66,312.38,105.80,118.16,0.3093,-1,-1,-1
88,-1,537.61,371.64,64.48,140.73,0.8942,-1,-1,-1
88,-1,320.76,303.63,98.40,160.49,0.8905,-1,-1,-1
88,-1,823.88,266.32,136.76,170.06,0.8801,-1,-1,-1
88,-1,272.72,173.89,185.57,159.92,0.8365,-1,-1,-1
88,-1,172.12,288.58,136.26,118.70,0.8095,-1,-1,-1
88,-1,1176.20,249.34,103.80,213.20,0.7661,-1,-1,-1
88,-1,444.84,297.61,83.25,129.29,0.7526,-1,-1,-1
88,-1,1040.90,218.81,154.31,213.77,0.6601,-1,-1,-1
88,-1,410.52,312.26,63.34,160.16,0.5718,-1,-1,-1
88,-1,2.04,15.33,164.61,364.13,0.5107,-1,-1,-1
88,-1,722.28,280.08,88.06,90.97,0.4262,-1,-1,-1
89,-1,546.12,366.39,66.08,144.50,0.8885,-1,-1,-1
89,-1,839.36,269.50,105.69,164.46,0.8779,-1,-1,-1
89,-1,338.69,290.97,99.17,169.91,0.8548,-1,-1,-1
89,-1,460.83,291.06,73.73,127.71,0.8468,-1,-1,-1
89,-1,732.63,272.84,87.18,98.18,0.8162,-1,-1,-1
89,-1,3.12,11.89,203.60,346.34,0.7525,-1,-1,-1
89,-1,289.15,163.54,188.93,160.37,0.7354,-1,-1,-1
89,-1,1066.44,194.92,153.31,252.61,0.7104,-1,-1,-1
89,-1,912.31,328.04,71.73,118.77,0.7012,-1,-1,-1
89,-1,182.72,275.77,143.27,124.60,0.6545,-1,-1,-1
90,-1,538.59,375.15,71.11,141.76,0.9135,-1,-1,-1
90,-1,841.40,284.61,97.83,159.82,0.8989,-1,-1,-1
90,-1,916.52,333.36,67.03,123.01,0.8814,-1,-1,-1
90,-1,459.61,287.97,81.51,154.25,0.8608,-1,-1,-1
90,-1,726.58,283.66,94.31,92.00,0.8083,-1,-1,-1
90,-1,1070.33,224.03,133.23,229.27,0.8020,-1,-1,-1
90,-1,6.16,10.91,222.48,347.64,0.7497,-1,-1,-1
90,-1,336.83,302.51,98.66,164.56,0.7309,-1,-1,-1
90,-1,181.93,286.56,144.25,111.30,0.6451,-1,-1,-1
90,-1,290.30,184.80,182.83,140.97,0.4635,-1,-1,-1
90,-1,0.43,13.14,104.85,378.46,0.4404,-1,-1,-1
91,-1,324.46,314.08,94.18,169.01,0.9034,-1,-1,-1
91,-1,524.02,388.37,68.46,149.62,0.8955,-1,-1,-1
91,-1,830.25,301.83,117.70,161.62,0.8504,-1,-1,-1
91,-1,899.80,356.51,69.92,116.52,0.8292,-1,-1,-1
91,-1,445.21,314.16,85.36,157.65,0.7526,-1,-1,-1
91,-1,167.89,304.64,144.11,118.64,0.7079,-1,-1,-1
91,-1,1.18,10.63,153.45,370.98,0.7043,-1,-1,-1
91,-1,1063.98,227.96,147.48,235.90,0.5773,-1,-1,-1
91,-1,708.12,294.05,90.04,104.06,0.5688,-1,-1,-1
91,-1,285.34,186.29,189.59,164.39,0.4537,-1,-1,-1
92,-1,502.89,406.21,76.65,144.38,0.9019,-1,-1,-1
92,-1,430.72,335.39,80.31,152.43,0.8419,-1,-1,-1
92,-1,0.00,0.89,243.60,394.29,0.8258,-1,-1,-1
92,-1,310.35,330.76,103.06,171.21,0.8199,-1,-1,-1
92,-1,817.48,302.72,100.70,168.60,0.7867,-1,-1,-1
92,-1,687.91,306.22,91.87,103.63,0.7315,-1,-1,-1
92,-1,1045.58,229.97,123.61,243.46,0.4971,-1,-1,-1
92,-1,146.36,319.44,146.34,132.69,0.3940,-1,-1,-1
92,-1,1185.79,229.05,94.09,254.77,0.3632,-1,-1,-1
93,-1,509.35,403.20,71.64,148.97,0.8927,-1,-1,-1
93,-1,816.47,285.42,138.15,176.35,0.8645,-1,-1,-1
93,-1,0.00,3.62,279.71,387.49,0.8241,-1,-1,-1
93,-1,307.55,337.84,138.41,175.88,0.7852,-1,-1,-1
93,-1,1049.12,196.17,136.42,260.96,0.7235,-1,-1,-1
93,-1,428.74,338.55,97.68,154.28,0.6361,-1,-1,-1
93,-1,1202.81,206.73,76.63,250.59,0.4309,-1,-1,-1
93,-1,302.32,220.74,168.08,140.94,0.3401,-1,-1,-1
94,-1,509.58,408.21,66.36,146.27,0.9251,-1,-1,-1
94,-1,435.27,344.21,95.24,156.48,0.8409,-1,-1,-1
94,-1,813.79,285.99,122.90,174.93,0.8406,-1,-1,-1
94,-1,1045.75,200.32,146.67,258.68,0.7830,-1,-1,-1
94,-1,898.50,344.35,72.46,119.86,0.6974,-1,-1,-1
94,-1,316.18,349.79,106.75,174.38,0.6723,-1,-1,-1
94,-1,1227.09,268.30,52.91,199.52,0.6606,-1,-1,-1
95,-1,512.13,402.80,71.09,148.94,0.9260,-1,-1,-1
95,-1,450.57,342.68,83.77,157.38,0.8774,-1,-1,-1
95,-1,830.99,288.00,141.86,165.25,0.8685,-1,-1,-1
95,-1,324.91,334.01,124.02,185.36,0.8355,-1,-1,-1
95,-1,1057.20,194.50,150.06,254.54,0.6084,-1,-1,-1
95,-1,302.79,205.87,194.86,163.31,0.5802,-1,-1,-1
95,-1,1203.29,210.34,76.67,231.16,0.5088,-1,-1,-1
95,-1,688.38,322.13,70.08,79.95,0.4694,-1,-1,-1
95,-1,802.73,343.52,47.29,58.05,0.3677,-1,-1,-1
95,-1,1033.71,371.26,65.43,123.13,0.3211,-1,-1,-1
95,-1,38.28,83.14,339.30,426.96,0.3193,-1,-1,-1
96,-1,526.26,400.03,69.30,149.20,0.9144,-1,-1,-1
96,-1,859.22,286.38,136.49,163.71,0.9096,-1,-1,-1
96,-1,345.58,321.23,131.86,186.06,0.8898,-1,-1,-1
96,-1,463.00,338.63,84.06,159.91,0.7467,-1,-1,-1
96,-1,1082.84,202.67,186.30,218.12,0.7443,-1,-1,-1
96,-1,595.38,351.10,49.92,90.26,0.7035,-1,-1,-1
96,-1,75.65,12.17,383.92,367.40,0.4700,-1,-1,-1
96,-1,811.91,334.05,54.28,61.88,0.4628,-1,-1,-1
96,-1,0.19,36.83,116.78,379.33,0.4244,-1,-1,-1
96,-1,357.46,201.10,161.30,165.66,0.4171,-1,-1,-1
97,-1,539.87,394.27,68.59,148.47,0.9150,-1,-1,-1
97,-1,874.81,283.45,142.30,163.03,0.9058,-1,-1,-1
97,-1,365.28,313.37,127.55,188.12,0.8957,-1,-1,-1
97,-1,452.72,199.59,84.53,163.59,0.7926,-1,-1,-1
97,-1,1093.21,192.06,103.23,223.68,0.6892,-1,-1,-1
97,-1,0.00,8.70,199.77,389.06,0.6067,-1,-1,-1
97,-1,818.61,334.57,47.96,52.50,0.5248,-1,-1,-1
97,-1,1168.05,211.98,110.97,201.20,0.5153,-1,-1,-1
97,-1,479.61,333.48,81.35,157.90,0.4340,-1,-1,-1
97,-1,1246.96,193.17,33.04,120.72,0.4021,-1,-1,-1
98,-1,564.46,385.13,67.51,151.43,0.9127,-1,-1,-1
98,-1,397.01,320.15,124.31,181.10,0.8969,-1,-1,-1
98,-1,914.37,279.85,126.07,160.61,0.8920,-1,-1,-1
98,-1,1116.63,185.86,111.49,237.97,0.7540,-1,-1,-1
98,-1,1195.36,198.69,84.63,209.17,0.6893,-1,-1,-1
98,-1,1.12,47.73,261.78,342.79,0.6209,-1,-1,-1
98,-1,842.90,326.86,42.01,54.87,0.5605,-1,-1,-1
98,-1,209.83,7.28,366.88,335.72,0.4117,-1,-1,-1
98,-1,873.60,269.63,58.58,68.52,0.3499,-1,-1,-1
98,-1,727.52,296.98,74.32,83.13,0.3107,-1,-1,-1
99,-1,938.94,277.25,123.33,167.97,0.9149,-1,-1,-1
99,-1,581.44,384.34,69.29,149.13,0.9014,-1,-1,-1
99,-1,423.85,317.33,116.15,187.37,0.7610,-1,-1,-1
99,-1,1152.19,192.17,111.40,228.56,0.7080,-1,-1,-1
99,-1,22.66,34.25,300.67,368.22,0.6369,-1,-1,-1
99,-1,297.77,7.37,329.47,350.85,0.6256,-1,-1,-1
99,-1,895.29,270.00,57.68,81.53,0.5898,-1,-1,-1
99,-1,1225.02,198.11,54.98,215.42,0.5267,-1,-1,-1
99,-1,289.20,144.62,134.15,314.13,0.4729,-1,-1,-1
100,-1,599.04,377.27,69.80,143.82,0.9095,-1,-1,-1
100,-1,427.13,303.02,135.35,192.09,0.8796,-1,-1,-1
100,-1,963.17,269.68,116.84,161.56,0.8734,-1,-1,-1
100,-1,1178.17,187.92,100.96,210.02,0.6942,-1,-1,-1
100,-1,913.53,260.71,59.41,82.74,0.6887,-1,-1,-1
100,-1,64.36,48.94,304.38,357.24,0.6326,-1,-1,-1
100,-1,875.57,320.57,41.37,52.67,0.5871,-1,-1,-1
100,-1,343.58,1.78,370.57,352.10,0.4756,-1,-1,-1
100,-1,1123.08,304.47,91.04,131.89,0.4519,-1,-1,-1
100,-1,324.83,134.05,127.69,302.74,0.3471,-1,-1,-1
